16.641473937037535 49.7617192800885 19.105853514264165 
45.42521121675598 50.90543744172926 27.67336234695808 
18.96454560727588 17.51251869401044 41.252522011566825 
23.30766539502637 44.56409248090622 32.81958627307454 
5.86154617032175 45.9131208296388 42.581171147836095 
48.071363527713736 20.997674209841215 24.069704935612677 
32.77462860791108 16.63367096014988 69.44264795511322 
17.77802222047576 13.174711477852583 15.686724620863707 
54.190798580081704 0.9074679150148619 52.99422821326537 
46.71975032800291 32.026353285248405 53.495440833663565 
66.03889080094918 68.1610206085925 15.872502877487703 
13.853607100574887 69.47647977723148 65.15607304518181 
51.686411721709284 29.503353971647478 48.21516596430667 
21.951287079301373 40.792780288001296 29.5187097383178 
12.089283423904794 10.340005226982061 18.604472144754688 
7.100263582221614 18.20488453836079 53.794697945902534 
47.408501213249814 54.780939880576035 53.923099537465625 
30.224735328777015 18.691767833099952 65.6965809513856 
43.6543005238458 58.017097359812595 68.80846726447287 
50.80380707939458 23.71603319771708 39.63481098127426 
21.689366337529105 70.4210858124271 23.29826908434354 
18.09856588270948 20.68903358624851 11.672323786722021 
56.86397148622527 22.20243155952461 9.3623000995072 
5.562275692733319 69.1156929751524 70.31913269730754 
50.611460354789045 6.258280215115674 46.73703853039374 
24.658332997538274 44.34135878528523 24.318355744275593 
31.503030105128317 40.359747790457654 29.22879742851141 
60.92109028566785 42.95872032752784 24.78901603948854 
44.70922979732434 11.753803086190583 29.711512625257892 
34.22960795660684 40.02141508001979 19.830600907616628 
70.81118671106016 45.173498147891486 14.941811031962164 
66.81189451263351 34.20850410936558 39.06335983791921 
47.99274361560152 37.205142717878175 13.31667255068417 
57.35563285227486 60.98386160770541 69.57413429043861 
43.079949642937684 63.99041502920941 23.374120423371444 
45.077119133404146 2.068744815801411 43.57351095531034 
15.72902533183738 9.610104539780199 69.01924506101948 
21.366930981256857 6.509367941374503 32.12368865755213 
46.865802561885715 21.38788812943063 52.083487806782045 
41.09066396842281 67.70446947507676 70.9297153758022 
6.557984078263051 34.2283071650478 2.461358617906722 
25.678120967362727 65.60826785468271 23.57496645046379 
56.20518022782959 13.259911359181809 20.786499252276542 
48.045020773379626 44.88849801900264 39.206155039444546 
19.864773040709885 6.551799348923782 13.948491167315687 
63.858945940300714 13.334465855430054 44.294492482673824 
9.915813656763973 50.35560088085454 2.3069721290715606 
1.7093276970838227 7.304890484607884 44.73262035750078 
8.660361151171879 35.02642849427049 52.31564903446365 
8.43424230605363 2.4903295446463276 22.881986904190818 
12.377840054593257 54.05272176258656 68.18200588135313 
11.973885694332978 26.367723170781982 56.139804213246435 
30.810071691126847 25.756646652273908 58.90985310242052 
11.937799828897344 68.10774380773849 37.47590995872985 
65.76244111657948 35.90124627744057 47.459275838077346 
15.640752167404504 19.147979049926633 12.363790065707322 
53.340132872534326 64.40406602859728 35.91283358694612 
41.07799627293388 16.514122753777777 11.23421014193542 
24.192992112772696 11.27585086016602 14.249279977282255 
46.7875013705792 6.232464772445543 5.553293257999621 
59.78262037141555 22.77582437794798 10.7701202281739 
23.547417992237243 67.04612962330164 70.22965693464079 
19.663238931926205 58.930603487863095 33.76307589849574 
57.41950408505268 57.25300121437052 50.31465380297447 
61.776259797137605 66.58052492810603 52.73961286386106 
8.734785650491165 37.8752470294632 65.44453573433495 
58.92538587252383 12.68369711736713 45.224274443286205 
18.151524730376966 38.178938510154246 29.084297314218386 
50.85561807423727 3.0977018637086173 68.91794206146166 
55.420604725388465 21.96215005137549 16.10457854073999 
35.41109745202363 62.89083422705684 56.93049144871449 
163.5229323032558 190.20063990871358 153.20358870043734 
173.82945031140633 205.43701810112663 204.52425363166432 
191.05001499206207 193.21734992929981 181.59652178324723 
161.46669202486908 146.2789260523442 203.30690284572108 
191.30614874105777 174.4626802812458 154.45510828631353 
152.20991556618728 174.4033734828913 161.42603859051192 
177.63536598871264 156.63868124855145 147.27749018707658 
154.52851609840997 204.68516025286397 189.17278192990224 
157.553355786471 164.18140361040116 156.91883625884049 
163.5512054620935 172.91913640227352 160.92883923988765 
151.46545776420382 182.12499791798143 197.95186890355424 
198.0958520875169 148.2559511231599 187.50716493774058 
154.48183959862445 156.15171019502733 150.504162289237 
171.0361685114075 188.97988312930028 176.61800584010658 
175.4687301515177 154.89498028211574 176.55239911594947 
182.95858527040596 189.69048073461562 193.89578950487095 
192.7276189746538 166.61253654458923 148.14622692706283 
178.92760075340064 167.53295502260903 159.85374822043818 
148.155597588906 200.325582541885 147.58871135606586 
152.57197878081027 209.9587816762389 183.84999578885225 
200.02489602558907 198.58374371943336 152.84311354034293 
181.1354583274483 174.83346711259367 179.5654424057954 
191.24703094798429 168.82770430694103 169.34721794501112 
189.45512647580378 184.92203743243059 185.91973407209633 
201.11997434914568 156.6559041533624 192.8643447556766 
184.92663665932767 144.04213243845732 182.65804018771547 
146.45646319775642 183.2702810583167 191.968503621551 
192.75393237318247 178.37626809853663 162.9924821155094 
155.6706025512126 195.44881738745224 205.6060092768201 
142.95065768011787 162.70978349795837 162.5678966760618 
163.42421027451076 190.70222538692076 164.37040397064723 
211.17445802906389 210.09612283635408 212.07611416758277 
167.9237620287126 211.43189800346124 182.18770390212362 
162.4491881199863 178.2863135155755 157.1019950617003 
158.0977060175331 199.48876991198185 179.35604050757365 
198.45982316287487 192.99460547900043 209.40173906798844 
188.8584595107942 200.0076007260041 197.4592254890705 
193.72439752564273 158.98297198823525 165.46136178519419 
170.662251697495 209.1501608068146 172.384060866893 
154.78524258746853 187.4349192092344 191.2045228062268 
191.93306099991145 171.72603733728963 146.61271482424257 
191.08914918492025 201.71396592489452 179.51682472974917 
170.46490110389163 211.44856752400784 188.57996692031054 
182.691539259065 143.6475119392435 190.88175315084422 
174.16237161210108 174.50430292135266 160.1349766511843 
197.3834685277792 197.78914059044175 153.3392536956766 
194.9448444179453 180.333270105169 149.47043847922268 
198.19532404892107 211.32418746261536 153.54529701529088 
147.31305178175495 174.12085233445862 147.9025120852792 
191.3529578993152 184.50764554194325 173.75607375875074 
195.58120676484037 165.85028450251798 161.80215847570605 
168.64591295649132 202.1713451491254 167.15484061746707 
172.33724967251206 172.481357894937 208.00538245527622 
208.93384390562258 212.87710201166448 196.41909363853063 
165.2975560658116 193.64692138418894 179.9884343756338 
162.28031634463127 171.17663390194625 158.38645288237458 
177.42911588318472 189.5230425225106 171.26667170237863 
178.95507064267665 155.80746107452813 209.83086369679083 
205.12624897588353 179.47134902514568 186.18768360790693 
198.91028256725616 159.70933907376588 146.26307503244675 
152.80303252890448 212.52334763662475 181.66135348980973 
205.5749752034431 154.79047018198818 161.39243215759677 
163.51331714303754 202.27722875494513 200.85215300721973 
150.13022195824416 164.21766789434338 174.82312347300964 
172.89053018663787 202.12296252773135 182.99782838378582 
188.63237349792615 204.9698883891799 166.5816196970922 
167.86449916317466 178.10331940364733 163.6564529457135 
143.2209728488008 165.15305781825563 179.22630544249517 
142.93243260108324 207.48118702123344 202.0194578846424 
164.35089667436552 156.0842256365602 174.74856258625502 
152.14751415922163 154.70738989289654 194.49799272152944 
293.1244759682036 291.9050816820922 337.2824896781254 
291.4389490424191 285.9423617190174 321.8916836178126 
287.36151755659347 318.32910277696527 317.8405665378983 
337.0159694019199 295.60576703415967 308.3263652638241 
304.6986802396401 309.4185795769149 289.06088394049453 
350.3289265918406 312.4623567095403 303.2165814933541 
347.74410743435703 292.486072261825 340.2236851392116 
341.53925578614275 335.6075602280117 329.4604008643266 
333.6510089577296 328.4684463982796 343.7449431334514 
352.8044230673197 319.5787618736089 338.85690717112914 
307.51013597573666 289.35097250676887 303.2695332285121 
312.992004633739 327.0943583783806 304.3394154767509 
317.03076129698525 302.542118137258 339.04417876508904 
297.4241362445059 347.274834364947 352.3559937187771 
291.0612838406427 289.2613279142572 300.01252759856874 
316.5221306316804 354.1430428490206 310.90611016965926 
322.14323100424065 288.8753387502822 292.55900811471554 
354.88649997344976 326.81065552059044 318.50014861438075 
336.6912646455046 292.7905791072098 346.0569071866321 
291.66429756799437 335.3960335424492 319.36147385359436 
351.4781004454668 336.7931321724909 336.2751058097577 
302.89642038498914 350.29595141620064 339.11170089544197 
316.55720099985894 311.8420337317049 289.8216746024591 
316.9024460850459 293.6602837342747 310.211931663967 
348.6909367262266 313.2169012410525 354.38152508527384 
301.0007425919392 318.65227499561865 338.8575924377245 
337.72225920209155 328.13684760203506 311.9560614870875 
330.67347284874626 353.2381705637456 300.44123097838497 
285.7757839766487 347.18304052546534 315.7557067364965 
294.5570278596714 349.01040571634667 335.82155412669545 
315.6292242761228 306.13609718876364 352.805705539641 
339.53324692435757 299.91576033623846 323.2910436192627 
300.1964006238089 314.4071085698872 331.6121506624668 
298.3258993680305 342.44397188391804 313.4942254050035 
304.41562234040174 335.3594975057289 323.58138845021256 
321.929886372335 300.36261258576326 310.9733732349164 
308.87258787267916 287.4747659946252 310.4264524296849 
294.35452654958766 287.4336964721744 332.2653910483025 
349.35995826868964 306.24995724822867 284.6052490139669 
354.5206859681756 331.15620380318734 294.86286151514105 
330.3789274283888 353.4891754036619 291.6938230604522 
321.46955697168977 299.58416058750186 339.73193174381123 
338.59983078745825 353.7904382750057 352.0716127179394 
325.5626584546077 336.2277831537044 343.9901392572661 
316.87784227581017 309.12211336981204 309.42565530964754 
337.8827712367887 285.43073755960273 291.168298938926 
339.38694897593723 352.9398965894918 337.0304351370685 
302.0828917307875 311.0790063534554 350.05044314703883 
322.00839208984144 318.48754942427695 327.0451850283466 
286.04420908930473 354.615618046466 346.95941458369055 
292.6290390798772 329.01264690196484 289.51927019002625 
346.24137907647207 316.1753819999843 338.918637672915 
340.8180542938696 347.4374606853538 310.9303056693221 
315.5038088378822 314.62478866209875 307.4884589318659 
293.3521270306057 332.61633634580306 338.8419038659584 
330.5244853164989 320.1867571852431 295.1353169488393 
320.8061223905942 347.8633892323483 284.5562849987684 
303.6827755254728 288.64126005932104 323.3639888076511 
333.03324558258043 316.7098461329544 352.22206717014205 
304.1543664211649 291.1042673579245 329.31566033593896 
304.2554299179518 330.97496230031584 324.7888010353732 
293.17348000373977 337.3316134494058 306.16417553723375 
294.07024333936766 335.368185265271 303.3401857662177 
353.7262997401289 304.86410347945423 317.14159401445295 
285.72314028472476 319.3449639843174 336.8385613306802 
323.0910612050892 297.9112739347439 308.46333215450073 
303.9819538244592 335.81402009952086 333.73561739447564 
318.2635579346484 338.40669891933396 343.77619974851444 
309.8918252485911 285.43953414707346 299.64136442947114 
350.14536957952976 329.35061621700606 338.27776871789206 
354.8384472066683 342.128078247814 344.04010327619 
471.1142405853913 448.7809433441395 469.58192429667736 
493.6121171388022 496.6098917201779 435.93671793902575 
490.80836980711894 484.24952818339307 453.5450740569061 
435.40419393051076 451.988118686182 481.2005900577723 
448.9025506115281 492.499068302036 446.0052959826037 
467.2979054007717 469.190602006586 445.15647633926284 
490.4512443890882 442.4764010014915 481.5468872326162 
457.86182725367996 490.2164616698976 440.5782920877502 
427.5668921800871 446.097235095152 479.7088614584144 
461.8208108510148 485.2396164385853 481.57771771518185 
495.859975781962 491.0912598741458 439.2707503621218 
443.49731168549505 475.80008014557404 453.90689468545844 
436.82330627916326 496.9691208190859 461.85811048689135 
432.7724119568671 489.60469489746225 455.648428144869 
474.2115235004541 461.6834193846169 487.00532472489317 
460.1138534059175 456.93559765163485 486.08286938129334 
469.5492618423552 438.560885397538 467.4117699280357 
463.33303272100056 454.7519345030935 492.37479388529806 
466.79055725076086 427.60116949524684 441.44826700233165 
482.68586721252115 491.3537684031903 445.5271914455175 
478.56459531838436 452.47418230983925 459.85554544328545 
462.3254912089819 475.57160675824395 496.1881396431739 
493.70758383613764 437.2045897922161 478.21581454648197 
429.65207534670105 458.9823784177491 434.0030999102061 
470.0545884537522 461.6647216219572 428.5090322179868 
480.00242620313605 430.7110368805642 478.4226725575622 
429.3877039760862 429.4116176187689 460.60051605330773 
460.79819204111203 492.5713805135156 456.81622250298244 
431.888884510534 454.02283155322624 476.5349018344102 
426.1297402863007 443.6846845915344 494.02327412284717 
489.0690236786255 469.2558647063875 432.2120038110664 
426.3945166593172 474.0537829847924 494.55983743869405 
481.71496096153476 442.0838620981512 438.0395472941705 
489.26196266439933 468.8037964042699 472.5484175396213 
488.33985793287695 491.73339028206647 463.16508649536223 
467.45658634154165 458.4511790605397 492.9881498901996 
427.95050149175285 440.55196853291744 468.29533757435826 
465.2330116847372 492.9765725238373 489.991290357002 
460.4120498520281 445.7624219215555 493.99530583426946 
478.6295642359071 454.1706992470829 460.38032032324816 
435.45620457473206 445.72977782532115 452.47092884511284 
476.0006871907493 488.6344708658424 485.37100265100605 
437.9650682008846 489.3082377096809 447.2200716167963 
440.0075766855192 480.67021506254986 460.64926203106 
478.10987721247193 473.6270426899259 442.4854945686188 
447.9954377784807 484.43827054905785 492.275595258777 
494.88265122936525 430.89100336853426 427.1449977393435 
467.9426878911759 430.16644490892804 458.55907028049614 
458.0613872290453 469.6516651850696 433.39844605161136 
474.420265252735 433.12698272802135 493.00842565117057 
482.6700026124411 427.8717953800016 468.3409065767503 
435.83292375170686 482.46011042508013 487.6106895226727 
429.0548724836489 467.7441620542378 456.30048621218793 
468.40717162703703 488.9854002572717 444.18185882366924 
442.6703411783644 458.2781856422219 467.92022427292477 
444.83389547031186 483.34239828242676 475.74958935150016 
456.7923895118264 493.53242317273 434.20523003699674 
467.00028873660904 448.5720101353506 487.1611856290202 
427.8662304405927 489.7292512877579 475.5749729725496 
474.42333100700625 444.4468431946374 468.7728391031678 
475.7787591936896 462.72871523524174 464.0748066588885 
429.5391463762424 489.35776615303354 492.6931742659418 
450.2924896863696 478.3830830954794 478.7060936786333 
484.85698833143005 469.1950141040023 486.7760620908435 
441.7272998277067 474.306377511051 465.6542831065649 
438.62397516249985 443.3759158925018 482.208482020677 
488.84437392535887 479.74186010905044 493.66929079676265 
441.78516924202415 482.9137611753262 480.89602057479595 
458.71884313174894 478.0021727843364 489.1608310130206 
441.40670379266464 442.5371223555352 487.9874534752885 
429.7535841014599 479.4431104858534 437.0698936144516 
617.3237861910521 632.3062142169051 599.6454555424064 
633.1792583359438 636.6925970808697 576.3969441823538 
622.5497739882969 597.8780582505917 604.7674676912646 
601.752492874033 587.739319923709 603.9144218342486 
578.540079299819 573.6515826051118 584.9929045299531 
610.985176302896 624.9032120468419 576.3793694243055 
612.4947510583704 617.5464636056954 626.9808368118553 
620.3857195532057 596.9262670329493 583.6017148932816 
571.3329130040875 577.2151266581758 570.6879419795736 
590.6483999873999 603.7898169023251 579.3206180162289 
587.6081989401666 619.2699474071203 607.5410668185683 
571.9312712671178 572.4558043191778 608.9938868299976 
628.840094687422 586.3700313052249 618.0687706726319 
579.4682329785674 596.2893978583909 606.868794341859 
573.7304791594744 609.978623582475 583.3780738229908 
625.8345004384723 621.051162063336 588.3340278254997 
576.6811484233627 606.4937082296082 582.3419800732703 
619.5763832194285 610.6220004042598 578.8572636441023 
615.228489466705 603.3737723951253 579.8117046182956 
624.3369239611825 636.5689104621823 601.4597782977972 
628.3033968318196 625.6296301398513 637.310623997059 
582.100028434937 573.460166178752 614.9046609811572 
607.8966291635277 631.4583973996382 617.6573639193643 
615.1030718731333 629.4287416153762 611.2679287299108 
582.8922979588937 587.2455005813028 603.4790497406395 
612.844538493051 609.7194232272458 615.0025052831484 
635.7520706853849 582.488477774637 592.0618782006406 
582.7457767041598 623.0102183734731 596.2504629879218 
596.4746356665386 572.0664702562144 621.6940455387236 
582.3046991144066 619.3216894941155 627.0681682646061 
608.8820539757727 574.2752314549933 580.067973079386 
610.1466753736122 577.3229672752014 605.3649088456854 
606.8313300790036 580.3965635040279 622.8569585398526 
616.6816755359616 578.1951603457093 597.0369553297818 
638.2003128159737 582.0681543278291 581.7950243489258 
630.7061453652685 595.5293533365598 633.2124525643859 
576.3349048501897 631.8194401255923 631.8337999329744 
623.8163094875516 600.6581288664062 591.1569237423147 
590.4702076850049 632.1493321851741 618.2272177755078 
607.0979454332045 584.0128218763876 582.9281421212694 
627.2866286100393 617.7735229918576 615.7088811669507 
623.2208997233486 620.286642750076 592.8211203508374 
595.9110210298091 579.6082616243193 636.7120504872212 
579.4184294942867 621.6430487736901 613.174190119224 
599.2585028851547 571.4061152631759 592.6863230561227 
571.4170371722023 579.5983654603959 598.4101165528648 
584.3110176015828 612.1771298327777 611.7388852158836 
625.3205401630964 598.533968534147 625.8490047209026 
579.3704506424586 573.674055444494 629.3693376640334 
572.4160558936823 626.7019410352029 604.2482327291598 
598.7062023889431 602.3373039973516 575.9790527753701 
601.9436831973146 617.6781445820135 573.8883126585245 
610.39033422247 609.6588561779523 616.211461203037 
613.3110047816162 578.0516613789628 593.0228575634554 
580.5273644904162 623.5114883344414 609.3233923642116 
606.685687569357 581.621649615509 619.4736684294372 
624.8680147299281 618.0801467770605 576.8456862167328 
591.9648085204915 588.9779074885932 592.0926296472397 
609.7262506148359 605.0862918739277 608.1004096048309 
598.0851828813979 634.2416047736473 625.554716211642 
609.0550952185004 637.181828254303 632.5577858284182 
608.5460426051278 576.7703260698894 571.0331797978465 
568.8341129482752 628.5677048414829 619.1165719412478 
606.8762293234391 601.8417935707648 576.310665891061 
632.0859493521583 615.2645830257394 580.9275676152799 
572.8798121935404 618.6857059799405 589.6911724136279 
613.0300058207562 587.8532114561032 598.8227214536313 
573.3056334032525 621.4226371073805 630.8035091771043 
607.4313423109975 626.9732674398737 588.5018126446764 
622.8184359979359 577.3332106762969 634.370657605101 
579.8019833810499 580.494472587019 632.4705933885599 
724.0019318471566 764.4181038850868 739.6986472940722 
775.8279922347551 773.0717568756367 732.0997486791326 
729.0808469552893 746.4147823538686 733.816523744283 
769.8871331884346 778.210987729804 732.9878098800509 
749.0167081362146 736.171499878487 748.0116320013291 
719.8686977704182 777.7331376139742 723.0567970677564 
765.3369513978794 736.3647027659206 750.1008930561828 
764.6516560722866 752.1629509548089 744.9869439912095 
771.5053506899504 723.4554710754894 740.5975487186261 
746.7202063461469 750.1821658814023 721.3162024249996 
714.2274069293768 753.4408253122876 728.6229936433326 
729.9899312214726 761.6735096494843 769.4910067375968 
753.3773391952525 779.5647689423153 764.9555891960978 
756.4185153120294 780.3740612223155 732.1180918043016 
731.2268689631396 745.6729106672634 732.6844921795073 
768.4383092933952 734.4836526694448 756.6027754743967 
778.1609974476481 731.7580901334256 742.4369690288661 
746.7911034226262 711.6790002847474 739.0644254958537 
723.3389743792064 736.0170579474443 779.724915851091 
765.9771797788368 730.6862460418391 756.6031084201104 
747.350976198294 770.8053659955601 765.6196830614756 
735.7592731095306 741.9109354564284 724.6566469585962 
720.1251403574595 725.0762457885633 755.4345064226409 
752.640470565505 737.6589405829033 755.0154668961536 
740.6360974510637 752.3227103681489 751.6032630110327 
758.2263828044719 771.3503935422516 752.9884930362024 
759.1837169018153 745.0008936689726 742.641821806553 
728.5782329953623 724.0620821330707 756.6449187392907 
718.1103196826484 752.1242271930513 736.823212184479 
780.9338292754153 743.813616405473 780.4586948478368 
733.8725551124093 769.7999633961516 772.9340184117382 
735.8658080611812 748.5745198355609 760.9146984942126 
774.2305408161159 767.5069609610623 760.8456128431013 
770.4978532591015 754.04205223599 764.6491927405599 
768.952728332044 727.3870599095081 750.9303349710029 
769.5137782865781 731.476662033849 728.2347440554086 
776.8887516632644 771.5446695560382 721.4833633549046 
762.2132949527697 730.6700678589216 723.7919919447792 
711.5915728678058 770.8766403414596 769.4070309405887 
724.2360055599024 778.0391303800916 780.2069177682926 
726.4181451765902 776.9733477848237 712.232754654001 
724.4366384964592 755.3393226603331 761.4196869609683 
759.7075857054631 749.1233347606153 731.4933197471544 
715.3994612178386 712.6827340179217 751.1641456448533 
727.3394911074066 767.2327447471499 718.9218922843061 
763.7437082140536 755.4355126894853 739.9807899912653 
734.7160608651287 754.2310031717515 739.3969448736557 
773.6375147878562 715.0160041721462 723.6016761649053 
767.3415977164392 748.4465209977748 719.6430093264023 
714.9269421663614 753.0353854766394 724.1756997673289 
737.1961120753662 710.5587782083112 747.6830985774237 
767.0905007086841 727.7011663168543 768.8535034317371 
737.5046561886976 751.7748604147455 757.6344906318216 
766.4011975578776 747.6990153198049 779.860883502064 
766.1802246295233 746.3343595927931 758.0387659583148 
714.9260245309969 725.4158118190439 764.4770597954823 
711.54370334823 725.7508594565975 738.2397536262401 
777.6729436113177 755.6280176136361 728.69642566587 
759.2126966055376 779.6201547397349 747.4630845201293 
737.9086825449577 739.8442797134171 723.7027987116364 
761.086863972572 716.953222681829 745.1916875844512 
752.8034424986525 752.0663993859396 727.5451105473153 
751.0043040803598 732.6277875491085 735.6003711463735 
734.7614899792395 745.2432950497423 717.8017285856284 
756.2427020344985 763.9737179549179 736.5584530902383 
724.5058492674459 750.3818312597011 770.6230470080225 
739.5217531402885 747.3710918020354 733.5569328064133 
744.6604130571609 768.0727026492586 728.625293791429 
736.6041872144025 711.7161434064261 740.9441031758807 
737.3084115560694 729.7382304292848 717.1871670183681 
756.3462603836705 748.8124928068418 744.9510731960069 
884.4391657304984 860.8979716669602 919.6266408768778 
856.2635560301661 887.2019792704475 884.8824307067707 
891.0455208261104 857.2855303667434 916.6451715838052 
887.551982254757 852.5500316182986 921.5597581580232 
906.9080014038269 856.6604717270121 865.8451396677924 
911.7747194401055 901.9883964680934 873.151554513855 
888.324523156262 908.4575951433089 893.2839587104711 
867.3187154375842 907.467615539826 856.6575898531587 
860.2022963715725 892.6914703206538 875.3720621031024 
901.5119490331474 854.5414800112819 872.8901946722762 
895.4288830716839 853.5351330216665 911.3170494046531 
867.1980048420457 905.3149329526277 866.6380929839598 
907.9475226004316 907.9022889748475 889.9378686188419 
907.9851663388783 877.8086941097125 860.9207552551836 
908.687076014331 855.4324051742534 889.533090673478 
874.1681420655618 870.8215190053775 860.073822517014 
871.7475813149947 875.8495747576471 852.803724877776 
857.1831644694344 878.1791204755452 871.3660033175912 
867.2119697497618 867.5087693495527 859.1866900325082 
892.490679814102 855.5607940564545 854.209304526941 
871.5775982602768 881.7090708022768 872.9296884565513 
895.8862535950307 906.9854960464236 858.6595374043319 
868.1302063713746 858.0466957177741 890.2146375549161 
864.7224005750068 896.4204678980965 868.779088608811 
919.7341883668958 894.4299889397953 915.8926578144346 
885.6115737015207 861.9468385148795 872.430211202641 
892.2470706149562 867.735054327044 871.3243999911817 
903.7847291717187 914.0135882566267 921.6960458252236 
898.6109417740983 866.827914994274 861.6246649679211 
869.103196183042 852.7748957965299 872.0798384299417 
917.4278974204095 856.7551443565578 868.7821258652817 
871.2282861635929 876.5896875909228 917.2117496540469 
875.9988496937826 916.985740450278 882.3738567853534 
893.5092115889935 912.4551780344505 887.0139678530837 
904.9680414450254 870.5957702535522 901.8623327474936 
910.9615071990465 888.237469960755 875.0992044324285 
895.7907008846136 899.1926239004607 910.9134576266196 
863.3187674890032 914.9127634630468 859.8999984162739 
879.3513480495006 878.2521048028998 877.1105333401622 
867.9183200988092 870.55516277188 863.0452490084956 
875.1134203338481 899.525559357308 871.8240405278524 
897.1995973420006 881.6151348257067 884.6789417908386 
915.6837093207672 900.1474964040573 912.5269083801359 
898.8596456797516 900.121792350243 854.59549610683 
902.9567845310474 879.8182444976109 900.8890708231456 
880.0069970125899 905.6887862908955 860.6089227325351 
870.1992972862647 913.4056402005618 862.3177830282527 
863.6765786881972 891.5619813754283 867.8929086104462 
885.5784135306355 876.6047073848707 859.3093820931562 
852.5076474420569 916.8552492701999 891.6145568529871 
879.6583499260922 877.0783672241531 886.254190873345 
894.4114207617648 868.0053648619173 878.4684701668018 
866.9070685363665 869.421923494897 893.0783114171037 
894.4429980873335 920.1799157715509 868.8919337692419 
903.5308868677574 882.8967926181298 860.7515735656143 
889.6571645843798 897.5474690806826 917.6840151488269 
867.8129306435804 882.4231257679093 885.9638952317765 
865.7086860103504 857.9325534847891 914.1240927114643 
862.8214063747994 858.5458482751783 904.4278112251743 
907.4190476322858 905.8769571429898 880.1135256506234 
852.354886675026 870.8309230761283 855.7353636666484 
911.4456463380858 900.6388866673356 881.8906708208481 
874.0481490716783 902.829141652382 857.7252958425312 
911.1782736820041 862.8253043297408 895.6595493230922 
913.0659601522933 892.50327797942 896.825896830947 
913.043770464909 909.8268917305871 895.4390187862898 
910.5718980638432 911.1899775396383 906.0502649781627 
901.3372337669832 906.1033630919964 854.2653729672932 
873.5379078447097 888.7822099051198 896.8297485363205 
902.7764662796351 901.3663812946089 872.9447985555342 
876.6562060846246 913.3397380989708 906.8449551457838 
1018.4127385910404 1023.9960810850433 1022.4499273580351 
1016.8090053990469 1011.355480195921 1038.048264779417 
1046.6920090777717 1037.8626867424869 1028.2951202686381 
1038.0715525409635 1016.6976030719936 1048.0775089847189 
1032.7906266228158 1012.3405715979542 1032.566013398713 
1018.0321908670312 1034.483236829259 1051.0972819054027 
1021.386175004656 1016.3714994336772 1005.4219532259854 
1001.5536650202868 1030.9130505085157 1026.1656118103958 
1058.9523734256982 1037.4044722543888 997.0224757040162 
1026.9007451099183 997.479900996338 1027.3119009926056 
1031.202957881069 1004.5957009000675 1022.2478123437106 
1063.73784561482 1014.6167932252141 1009.9108220121883 
1029.1605045065096 1009.7897437040381 1046.6063327606278 
1024.0501852928492 996.5378267534128 1053.7717195124033 
997.1772038749948 1062.083095256029 1045.200111852206 
1043.592134659605 1055.2683826110751 1064.3553225773503 
1011.5475540290432 1042.2700445698472 1006.5490563339422 
1041.0564315734362 1018.6443920809626 1054.2330702863092 
1004.6057316186278 1026.9797558191353 996.2005288537479 
1061.9732932273741 1046.3070347094601 1055.9089807224639 
1002.2929136908238 1027.598382668207 1009.5900508626358 
998.21528241105 1040.3653047829991 1045.2920996408784 
1015.9135240362713 1020.4036455695315 1051.758632664269 
999.4106442227403 995.1304563755342 1010.698355457433 
1007.6850002872698 1030.1499660310333 1020.2908618082511 
1010.5666774314255 1004.2098870546433 1045.9987148776515 
1049.1479667900753 1062.150382338994 1014.3654930511534 
1013.8945065438182 1023.5526241683101 1059.0449489514417 
998.7805997613119 1005.9678624504896 1030.7626518900956 
1028.9533677555833 1029.5149165365797 1053.8654560534242 
1058.7124498776793 1064.8177141120425 1044.3323693215361 
1064.5644502033672 997.1672286577405 1059.926353904353 
998.1300242010111 1037.8986014229006 1048.1047270232768 
1018.6393311863965 1005.3619068549629 1007.2843041709659 
1054.0855614802651 1008.7802770161995 1017.9732465004746 
1053.7177997372664 995.915505959529 995.6635254089122 
1063.5060385331951 1049.5798547302657 1022.210481959855 
1005.6598315294258 1005.6802301040696 1056.1907018065815 
1056.7496344896933 1041.469189580819 1041.3248287766353 
1010.8782487154178 1019.6484044071492 1059.1429532607517 
1049.318794079376 1043.9561060508777 1061.4011487158127 
1004.4236401381814 1014.5226523917321 1050.1432063679208 
1017.8337753124764 1035.2602615588405 999.2784222955477 
1052.6213465218427 1024.038751516323 999.3971507362992 
1048.4746020825698 1010.5474913202507 1018.1315253873526 
998.8086680222304 1040.026124785659 994.6682908613652 
1029.3595540729016 1035.9749287812704 994.1589492673284 
1010.7700101773215 1032.7015711536553 1003.1834179084208 
1025.5281418080133 1044.6170852046193 1036.2196288576301 
1055.1136715898442 1014.4856257642062 1034.0614801981974 
1035.775577303814 998.0133424770816 1020.3265966079975 
1021.325809318102 1010.9884688863154 1047.814048869724 
1031.8319455341937 1038.9527439690073 1025.6681234409268 
1058.8871420999967 1046.435486742058 1064.9149644671934 
1041.718122579123 1029.1842837423997 1046.1876045080567 
994.3911078628093 1022.9755339810456 1010.5453177890619 
997.530940746189 1042.6830588360556 1017.8407003468232 
1024.5273348384976 1025.8981778861566 1018.660412523585 
1039.8060977859407 1055.0162132959902 995.567486125436 
997.0448370104795 1030.4851617199215 1023.9835223376771 
1014.2648460919366 997.1827839551952 1017.033001260259 
1024.3618697282147 1057.2637152405591 1051.9741829597326 
1051.679422803003 1042.1008992049697 1024.5396394591655 
1055.4070140753731 1043.709331768768 1029.840056483431 
995.9036338683317 1022.7165142297583 1043.2855238106424 
1000.7080602698223 1044.0800513958277 1046.0212845026847 
1051.4436734065396 1015.7366177544184 1055.2402977356817 
1055.2586401879087 997.0737500701513 1059.1387169400261 
1056.048997719818 1015.5662862962778 1048.7639249600581 
1024.0356370749912 998.016326149322 1063.1216122969172 
1017.6948068682412 1064.1003837531186 1001.9603036842063 
1176.1684696252903 1162.075678990963 1186.8024736141183 
1188.2194599110198 1203.5251176515483 1164.0353550011043 
1192.7290750102004 1174.9416219228356 1185.122375238993 
1199.6216239917685 1170.2720382833138 1174.6645477986174 
1176.2831139584207 1182.0646737905079 1149.5185813140163 
1160.725961484149 1169.8387006583937 1147.0090665595444 
1156.0081592123483 1190.4295611965047 1206.9200616311941 
1163.120292904303 1206.7735577338897 1205.8894408813367 
1178.3186982773063 1170.8197366111401 1145.819201204766 
1187.007804248755 1188.1191306153578 1176.7861273670692 
1150.4452858129528 1168.6550937939085 1143.1701509909315 
1186.8400971701856 1170.2393177745985 1193.200326337116 
1168.6882209497435 1165.5709768404524 1181.1643366180651 
1139.3686840430023 1143.2672831168018 1186.1714824471296 
1158.4879682034157 1168.8196776314403 1174.5784632481825 
1138.8916730065457 1194.344851373545 1192.7420282051057 
1153.4871566127908 1193.6594224236846 1148.8551415520387 
1176.8087388322076 1147.2635767816762 1136.4930794144193 
1145.8259596653118 1180.9974884181281 1161.0333954294445 
1201.1412589477563 1158.955361826869 1204.150213220831 
1148.5865352977453 1138.256402937116 1139.8403471893732 
1140.9991412062122 1144.7514272847202 1174.6347433660237 
1202.3350135892824 1173.595110279367 1188.010775836901 
1178.5373938633866 1192.972907173458 1206.0488061993344 
1161.7029511967417 1173.7077555325889 1196.9590343116733 
1137.4157245730028 1144.6334044282944 1205.9461992792876 
1176.1228074515964 1175.5264674720486 1146.484304898551 
1204.240946765322 1144.8438260868356 1180.96972010893 
1187.9048569730523 1140.9230519294726 1183.9927068723748 
1176.4304682556512 1173.50989609794 1161.027369507994 
1170.4982631878927 1137.8154434271682 1194.6712035362036 
1137.1091456458978 1157.9318552296165 1201.5149004110401 
1195.5890705607305 1168.2533825697108 1152.3360865349016 
1140.604268247708 1170.3762888212168 1162.171824032082 
1169.0313300147823 1158.609004550835 1145.8006000046335 
1144.6443256477276 1160.391069134292 1169.8545313448617 
1189.5428963317204 1159.424742452052 1166.71228555158 
1139.6096864552026 1185.0827077205079 1184.5886550051073 
1191.7297147693594 1162.92697097327 1184.7626674480362 
1142.2132438748606 1167.7946585795194 1146.662344152216 
1165.7252510479552 1148.4739264341865 1170.8373027943458 
1189.1221995507067 1180.8673859819007 1169.5572528530904 
1142.633666464383 1171.7884771493286 1155.588003992754 
1191.659146226248 1152.4979440991258 1146.6586934172185 
1153.7955830003755 1183.7933880303167 1170.5476831702215 
1181.5154779445654 1147.6131038926467 1147.6552513147692 
1205.9640666500986 1190.9399181245294 1201.9505009145169 
1204.1922297311337 1180.0101563075116 1191.6099052348716 
1139.9226132748913 1195.5380300832517 1166.737218135565 
1203.146035222802 1199.1957967388603 1179.0046251086349 
1162.0631421226208 1184.1739834685632 1142.786954425857 
1143.4112311017245 1182.6130628789372 1148.6306204700645 
1180.9069602072275 1141.8580876593671 1186.4036783467213 
1205.6895658001272 1201.1301026371632 1170.8500414970154 
1187.834122623362 1162.4748165106396 1169.4688695345656 
1149.021017876531 1171.043140664492 1140.3857046256494 
1168.6906403788971 1180.217224257682 1200.2027710991338 
1204.0491733502129 1182.8634853011183 1177.19248636317 
1201.2204227486566 1191.02953424297 1172.5857540539448 
1204.5493577809796 1186.1271136690243 1139.200507776082 
1157.5184987973812 1182.3479464717116 1174.8015222466138 
1164.9547731560294 1189.218444837993 1165.1252202165326 
1175.100981169011 1178.202344595735 1171.0817462687905 
1138.9499953489383 1194.2744518058635 1175.383643069595 
1140.444416462098 1142.9653144212705 1201.331568305369 
1168.2573489414426 1162.3862900294073 1201.3661934092943 
1158.4691472559923 1140.9869213380466 1193.6748261229825 
1173.5142831009161 1196.6477128070078 1187.110278321142 
1196.1274831926096 1172.7864795638015 1169.6634353348425 
1157.9314347713885 1145.4727871270272 1160.9991787223291 
1153.8776267760431 1198.5961594414605 1142.1172294428911 
1305.317578363052 1302.2244418582006 1327.815452920189 
1296.2116120099047 1286.1369925962704 1323.1329773320801 
1293.250083112085 1327.3264593263843 1294.1576701068898 
1311.8674616491242 1305.222773901774 1279.824643749889 
1342.3344101145885 1303.9915292704543 1330.2501661811082 
1346.1103210738936 1312.5143604353093 1311.406877294504 
1337.3707597824803 1318.4253592230757 1333.898816640303 
1332.9097805328981 1294.1928142996483 1326.6708951879239 
1291.4302031944817 1324.0136415534755 1294.9315852888262 
1343.9537821098663 1329.6717614113213 1292.4092416304104 
1318.375672019792 1315.1285348803656 1346.3908579699382 
1331.4751439715956 1280.9329610108525 1278.9460417006028 
1316.1441250317216 1343.9025676792533 1290.6669260087845 
1284.1105873712506 1300.9254323707546 1321.8849474070448 
1283.4018728034637 1307.841750463066 1343.425315253389 
1307.4915078444953 1335.9760313106717 1332.3051355975945 
1337.5005714339545 1304.779077869813 1318.2631713488356 
1280.314741388681 1307.5052469062236 1293.0953602738282 
1324.2704659123149 1295.0975034519158 1323.3268179991057 
1279.4853192294347 1288.0121008958943 1280.6993066524856 
1345.1172329651906 1290.4413251902517 1324.2107338187457 
1278.177051408803 1324.7978777765868 1288.6041114724228 
1336.736400541072 1337.3104507447183 1324.5472317439971 
1299.5183740538316 1316.549037731953 1312.1671413507806 
1345.7118936942875 1304.718759409136 1288.1623599011923 
1330.7060999916364 1342.6251892153475 1338.2419819144463 
1322.9948212954957 1343.9303604937043 1279.6524852602408 
1345.2540512651842 1323.6294933837337 1336.9817454492968 
1329.8094668170322 1325.7432273544716 1320.7017123120595 
1320.587698018554 1306.3618152604993 1278.623714688632 
1284.7727637290968 1344.0632153723789 1311.7878606149077 
1333.5645348735975 1302.647037562228 1341.634878317043 
1337.6733279787131 1297.2110564184977 1281.353100366063 
1335.9082245355507 1337.8272162104088 1298.0185486472244 
1310.794909853735 1322.2744844859096 1287.4973763805867 
1314.817120715843 1347.5330025876067 1299.6301052018466 
1326.9831201803381 1282.3697605539828 1320.0325813506138 
1296.6851059749852 1303.4815419059091 1283.4238129094422 
1338.0879641172714 1298.650220363935 1343.5475659178749 
1300.7018993770062 1337.1187366990475 1329.1927585397334 
1305.385980395731 1294.5335576554044 1319.6523749287996 
1305.7872257956947 1314.2247623620658 1340.3714370706045 
1318.347715725127 1331.1525284699508 1313.271507953151 
1289.7187567384428 1295.9385234927713 1303.887102900797 
1323.6115998955847 1297.34437513704 1317.2069155287977 
1317.200862093427 1308.4128799198686 1287.5188768436103 
1322.580900593178 1344.9132768615298 1294.233874486408 
1309.6135653030517 1307.909251392985 1347.4811480897006 
1345.2857560397142 1301.2834453207363 1327.9751116365637 
1278.518071863228 1283.2753801999181 1290.8621893638172 
1297.5509933736987 1335.6895818493258 1315.0278309757916 
1279.9913687914097 1326.7625134423558 1279.6257241729772 
1329.2089371930315 1279.4524318506076 1324.7584220830809 
1323.3522400372476 1316.146339564659 1290.1479440475596 
1345.666459871617 1332.822936661047 1282.6109245190098 
1336.0083626773537 1298.8213885943455 1342.989077727032 
1281.1367185706595 1341.8337197003202 1329.5060821536104 
1342.5451994205898 1318.6184360284688 1311.2666566875375 
1309.7191777093246 1283.8547478321677 1321.4891305258725 
1303.0489716905513 1322.5208447638383 1308.3215907385402 
1283.9454533796634 1330.9287886024335 1319.426746805144 
1330.87535414772 1281.0253258463583 1302.9597765936169 
1319.2654475027225 1322.593189464476 1314.5625078450698 
1303.844973453184 1279.1071081426114 1288.8737630562025 
1299.4227482926804 1331.376087807671 1302.3112802618257 
1305.4834610354224 1299.1158590889752 1330.0449820968413 
1330.899955404107 1296.242707454136 1328.2787686932013 
1346.945896598872 1327.6611517305312 1328.3047633772655 
1321.2130848318723 1286.0649834757153 1303.1226431702835 
1289.9820829085172 1325.0581334028716 1335.1916480619352 
1298.463728479747 1318.3381373326406 1286.067628220728 
1452.0994116846366 1466.9259221502712 1438.5806921644623 
1422.032392400737 1435.900385940902 1424.2775348067437 
1488.3059105324369 1466.7215462874929 1447.6301441680098 
1424.9393989857967 1426.304854468912 1468.8834934498295 
1435.6455615303219 1438.5765421669844 1444.6291183475976 
1483.8708756962315 1489.9517470756405 1458.1134592146814 
1434.5758087823965 1435.595721290407 1482.6118574060306 
1460.1162811844847 1436.111691158847 1455.586716505032 
1474.5384955296047 1438.7145480716524 1486.3898029684667 
1447.6551608113984 1440.3472537307819 1486.1363223021199 
1475.1676934632808 1421.798696548116 1461.7853834493499 
1454.7180598952016 1453.9681789911747 1433.2076532588992 
1424.8768889426647 1429.889968657667 1449.7129340134215 
1429.4858479643092 1426.8648459671292 1443.3748910343786 
1420.673288530576 1480.2930522067925 1476.9364787767458 
1452.7010200312347 1487.1333905497022 1431.3002006811823 
1432.2502348375056 1466.2424200394548 1436.2046235248138 
1469.0323016902519 1432.5527736610495 1436.947498151391 
1420.7106758059815 1437.589699467115 1476.0873502129966 
1456.40807593821 1477.8908798938282 1458.532793770409 
1484.8801358698302 1429.6550583450041 1490.4671297560296 
1456.5730723793304 1448.9663230986262 1476.8186275541161 
1442.961158687348 1433.3700832281897 1440.712229634206 
1450.144452266499 1458.8937719061776 1426.3595231853064 
1480.1308194347241 1436.49629547451 1488.7672449295585 
1425.9175937903226 1440.5498928792351 1427.737030647193 
1423.972855534305 1437.679213740617 1426.110610597298 
1448.2779197060836 1490.5646471737562 1487.603796939885 
1482.4666168988679 1442.6579681794346 1450.0086078246934 
1474.0523487952705 1455.3798412650249 1460.8388535685783 
1432.7732471538723 1423.8797287877153 1434.6409540097497 
1480.7967519107185 1448.2958836033408 1428.730483967046 
1467.1258540363078 1470.337709245245 1470.6937607218485 
1420.3528703831857 1477.790281285993 1456.1374412482933 
1429.5787333556475 1452.4966661360886 1461.900336516094 
1441.2227408601882 1450.8619345523318 1430.2500864424753 
1434.437375871165 1426.4728728536556 1426.4569880782237 
1461.1633571233397 1422.2455704918707 1481.8821519907892 
1490.7503738178914 1490.6900925972232 1465.95668079907 
1455.2167613549445 1420.929993964969 1466.8442582122602 
1485.186509775041 1453.344594390031 1467.58303952732 
1475.7189081414967 1426.219218727094 1486.4905444295673 
1477.4856884521191 1437.7234890947598 1443.9636606476065 
1442.5249160648286 1484.0044599765426 1462.149774327125 
1423.5282524442844 1475.7791801428891 1425.6005963520706 
1423.0095086358037 1478.5007004651843 1451.479267861883 
1474.822427409484 1476.9178501487656 1438.6352455567544 
1475.2301886300909 1433.6701125435548 1485.5426709950546 
1441.3359846592 1457.2582778112856 1488.478304268348 
1456.7552525536123 1471.3474769075108 1472.8988104473212 
1440.3004061734225 1446.3014531776257 1479.3004030636755 
1458.1349778145418 1447.8662552057074 1480.6863214314756 
1473.9424171873593 1437.8740703422354 1460.9086728592583 
1433.4730624286324 1451.5696757157962 1434.5904662583816 
1462.1801418900197 1450.8085045974642 1483.9950170715833 
1421.2154502430221 1424.1232352862016 1472.9088972851928 
1487.030528194022 1450.3151630120483 1466.5958298565074 
1468.3529360500786 1490.6974432695115 1455.1803676649795 
1448.2549341153845 1459.766446423143 1467.4036497453562 
1489.6236029140277 1466.7030108012227 1424.4230821612157 
1444.3921988108318 1443.2177554033751 1435.0653557385222 
1421.920734040625 1420.383677551081 1485.8547840458996 
1480.3258935552449 1485.4786341302995 1487.5887249589466 
1463.6520874674304 1463.2121041342932 1446.6539902094244 
1462.9869636304202 1471.657588518598 1485.1677742491097 
1454.0518580144305 1456.8431921112415 1457.5350668023789 
1469.324766252839 1431.0084463262465 1464.0724431991696 
1473.4841274194446 1475.5589635849187 1482.1755214820816 
1463.7899353344044 1484.116809143253 1452.9687419689735 
1451.1425782652645 1428.1733359064601 1427.642391066802 
1450.2645069051252 1434.1871384870028 1454.764988882115 
1566.5308585575451 1567.371301468538 1620.942563826205 
1577.6266142647921 1592.2329178658338 1602.472532122943 
1574.3888005826223 1595.4320568858384 1629.7574163781046 
1580.8978745277586 1594.3003454220693 1581.4884810764604 
1577.6698345074767 1591.1206574228663 1587.5074873946867 
1610.1888194198325 1579.7294836878245 1614.3466708765352 
1614.0871187928199 1626.3940442002577 1603.7746772262453 
1597.0150257417429 1573.0326827351732 1577.590954105591 
1569.4915146662704 1610.060143849852 1620.9264993238041 
1601.7968732765164 1603.3168707076125 1594.8659362705785 
1603.3982772072375 1572.9060173162177 1571.4825835132222 
1615.4584298269772 1588.5290773803524 1594.2206011664673 
1575.7614348399698 1596.640767404969 1583.7452519798069 
1607.9077343877145 1592.9054387046594 1609.7589864677454 
1591.4300482581975 1584.981105905772 1582.5719609941843 
1606.5805889521762 1563.1821504648233 1563.3509501960675 
1623.248384705519 1563.849376220052 1563.918391574997 
1597.7105390581448 1610.8950915986975 1580.3235667698307 
1631.4207027436187 1582.424663408265 1600.995776169335 
1618.233556140476 1623.4664931029265 1620.6256295598382 
1567.0363198515038 1580.9263617797665 1587.1039129358185 
1564.5455636020488 1617.777759598119 1598.3163141775838 
1601.1055253447337 1584.5322039694843 1624.2288041695265 
1564.4419276731405 1567.2623487108312 1625.0328355667832 
1611.1222515127222 1628.931817273806 1616.0956848772935 
1566.3729130398729 1625.5488244729734 1599.7072210610368 
1574.9537721402883 1573.6959672714352 1617.4881156838637 
1592.66459526916 1616.1324663181736 1605.1590453835124 
1566.666675701518 1620.353876687744 1572.0953307577429 
1594.2778850428685 1632.3276202697236 1603.724883681468 
1578.2584759672031 1583.4804254211115 1629.8527140634449 
1625.7893949547495 1562.3043069499793 1593.5468884015863 
1627.273982139718 1597.6258881845654 1597.3299971850558 
1628.8423771171615 1621.7853147367425 1611.4752576517737 
1575.7182053479921 1582.5075974759816 1600.6514584690408 
1631.0647140279486 1599.3009377999688 1564.8219877671113 
1604.076761997796 1613.9397801608407 1627.1502319481065 
1589.272548688511 1596.1051119009294 1602.993452589093 
1611.138380286972 1568.5003779919261 1624.7841090707577 
1576.754329307433 1594.8037799236515 1632.740490708838 
1593.6589991891615 1586.9149048349766 1578.0656085807425 
1592.8600089027325 1575.4786071164358 1566.6782547227865 
1625.729382644143 1574.1875559064224 1581.7657308716468 
1571.971973747842 1603.7846690695847 1566.6069610638344 
1620.5921338520827 1617.082172830781 1628.1597343490573 
1600.6255245350753 1617.1979610532248 1573.651572882023 
1574.6350022013437 1631.100263627969 1589.6451038974994 
1572.8040735932934 1628.8663376857512 1600.2613734532304 
1570.936570605661 1593.4178271304065 1620.8993439522208 
1575.429398914804 1607.9084848426562 1573.048023359993 
1595.2440214850467 1599.4896803643953 1622.8574749696106 
1578.6741881662654 1566.7857107278435 1612.077980544296 
1575.6791991164205 1619.603718997489 1611.5561306916748 
1594.5870082973547 1581.8338260978958 1629.9024128444453 
1629.7777246041014 1605.0782220350372 1625.3384183298474 
1622.7824115453795 1579.5911898480178 1564.6304603710053 
1617.3666002535263 1579.9431280181122 1580.783531015673 
1594.1317615843636 1605.1747053622187 1631.653615437594 
1624.2213603847356 1632.761483548493 1617.3374778151956 
1564.5573440794792 1628.6766730658362 1598.736897497939 
1588.6733350454076 1576.1509586483699 1623.343524776901 
1610.7472801447202 1564.362868729483 1593.9640137917427 
1626.0877948742013 1574.6969679879476 1622.5823579218963 
1627.9060002044023 1619.6860878067978 1580.63877275433 
1626.0463134477513 1611.2042153358875 1605.281612611845 
1567.2768901051352 1591.6530145375293 1619.030218539623 
1592.6783919718785 1622.2545724124436 1613.1806001527282 
1562.8794883591638 1569.5773325514497 1570.558505765614 
1601.4048606800131 1593.0993551708625 1622.5669443420388 
1564.8701006885435 1582.556665030361 1564.4558641239948 
1585.8853051993674 1583.0376145277542 1615.0007780628148 
1751.4135345591221 1729.548925017821 1723.2622021885072 
1755.1218375877365 1763.6660397494138 1755.4553748720048 
1708.464089816005 1756.3350181653373 1727.7457457124092 
1741.2532342377642 1726.959532253586 1724.0176762239782 
1756.2838350883765 1707.0215503479058 1740.6413688332202 
1744.2414461343303 1757.3180473449302 1770.9471584210874 
1738.1637810565064 1711.173525048598 1718.0317118440096 
1773.0798983666264 1750.4068525093987 1718.4704740315644 
1753.0778265872993 1711.5533047765957 1740.684956272588 
1763.5091333811883 1772.999606096685 1730.9430998517805 
1706.6090733306194 1712.319725240802 1713.2467088571746 
1757.6009293398888 1723.0603661072403 1753.949339919891 
1711.6740857559912 1759.9690442581295 1722.1767013133983 
1761.690945286063 1759.1692033069812 1730.475533310473 
1773.9440011700328 1757.5727215913162 1741.9035109512643 
1769.7597137527043 1732.4323517138419 1714.4453657114818 
1707.8724066961593 1760.1383277548177 1741.892970249079 
1754.6044100537845 1723.7995743142383 1717.308408346908 
1720.2044008341406 1764.117107809864 1716.562003927899 
1749.6986484837955 1766.4165822752432 1724.3135556894465 
1716.728930841466 1742.5597005202053 1708.231634353198 
1752.4450123147274 1710.2912810403013 1750.8037361984495 
1764.2275103827312 1761.4200849681736 1773.9469433339939 
1769.9278097292176 1761.5395818917375 1726.426975332405 
1756.8891699283863 1714.9582755782662 1760.7075232485206 
1738.6873238312012 1748.1198110184441 1732.9240770282308 
1757.885110800459 1725.029526062339 1772.5226357344131 
1725.049821216471 1763.8353389323604 1738.6798729256534 
1742.9123108665506 1751.5214204009094 1724.0273613605448 
1720.2653044541066 1707.5742494937845 1704.8188187454655 
1725.9960819829728 1717.1871980870783 1748.7052110772495 
1746.198696843521 1758.5146956718038 1747.777911717102 
1752.3238959496653 1752.4163404652447 1743.7452613710593 
1753.0934437876613 1721.9909688031094 1725.1677033156304 
1737.8686782322736 1708.285820485768 1733.715442896707 
1750.2797530742955 1752.3220274495252 1752.6089827185324 
1752.9733455154533 1758.2376872419168 1729.5004484727847 
1730.2266428670157 1756.868324575504 1754.4377451102707 
1743.743088622215 1715.3993573268785 1762.3923191480449 
1715.041307802579 1732.0630439764213 1763.1618562047508 
1746.9442272834788 1734.5338592659277 1763.3628686523532 
1729.5062495223822 1740.4455412141206 1725.7290859037034 
1717.0741766323224 1704.101411592353 1726.2802086113786 
1746.1140726933943 1757.1484121056624 1725.4283337675265 
1773.6119177169007 1748.6777349077986 1758.95566611759 
1774.5764769322864 1726.0146297920364 1728.017622628658 
1752.216714291762 1723.8889245510584 1718.7314645740735 
1745.3761030519922 1734.2049512610104 1723.0769093040717 
1750.1450993034512 1774.161309518453 1774.0994669665042 
1715.203094521221 1774.9421809695946 1753.3635382184434 
1744.427763932026 1704.7353864359925 1758.037414899705 
1732.5447615226485 1712.8517352407082 1720.2778680397482 
1714.8461143795078 1766.1059924752974 1722.2427191204845 
1738.1370554003327 1739.6368674121522 1713.017421767703 
1757.4827550624523 1710.8846110848929 1705.7930145454823 
1739.7412622012982 1758.528905206598 1755.3565962763264 
1723.250241006914 1727.7462849351248 1726.8094220913251 
1755.031467046277 1705.3877615046651 1721.065829933261 
1764.586233586225 1773.2508682035482 1762.979579019421 
1737.890273565739 1735.522379502134 1747.4727470979883 
1705.3737801725815 1762.5837825417855 1730.682661794172 
1723.6071461877796 1760.3184503339073 1754.7627130800415 
1707.0087485276636 1771.8873559188085 1717.5810489746082 
1762.239236628706 1729.9207168786063 1706.0730146200328 
1761.7194788685147 1748.750804997322 1734.4939163374343 
1762.2844152220364 1744.5462071619618 1765.4530741919475 
1745.9879033146203 1722.516810427157 1729.6999950173292 
1719.911783159289 1742.8812527252906 1747.6058135580593 
1714.01244487128 1709.6619734886888 1731.852536281187 
1709.3397286215506 1742.5449671475271 1731.2136937239218 
1724.8392586079763 1760.380840632541 1769.811079681632 
1906.9385658343167 1909.0608088688055 1893.2580051821258 
1882.5302491364127 1865.9645446773843 1883.2107309999465 
1892.55263386436 1882.6313306152344 1888.5931957504818 
1899.4935957339626 1860.7679628571152 1897.470705472867 
1877.1007241316486 1895.158403580661 1893.7935505726662 
1875.2499314731633 1850.6414338217712 1867.2332117060294 
1909.917486110962 1866.9273755664626 1879.775514252629 
1908.2196131725425 1852.1371327064169 1870.809317462547 
1850.3182171402018 1913.9764132361915 1894.2274124916833 
1907.4394806300631 1860.0013690181945 1872.8018218967907 
1868.8286783229964 1898.2526207921724 1863.007154659512 
1882.9044638280855 1871.6461649851608 1886.3858611972316 
1907.077474312544 1848.8850599845716 1881.40891189707 
1902.1346371739394 1905.7726661152392 1879.4213549817775 
1859.5771879791723 1850.1838126019943 1846.2127040016046 
1868.707455637824 1877.5576497634488 1902.076401873523 
1901.5271573274413 1871.5996349790976 1879.273667099703 
1885.9859869278084 1882.7517679141529 1865.5172434425108 
1863.0397043434502 1861.5868912203705 1897.2289943737633 
1878.0512482156082 1898.7639349587512 1893.726883739599 
1904.1475611534693 1888.0634209248267 1874.9404237419883 
1878.5186878539398 1877.0968792221493 1901.2053626327215 
1890.5411976602397 1869.2925224820058 1891.4209075855392 
1894.7566191889123 1901.7641844492157 1886.0241313340532 
1870.545807758045 1873.81636899215 1914.0564482800967 
1861.5204470705935 1912.7709052149855 1868.2208956161405 
1903.749172825717 1889.7270153381426 1861.20049433455 
1898.6138376366684 1851.5051733845498 1888.3164097964661 
1850.9363739301511 1880.672921749515 1878.550996911258 
1871.878649288256 1898.9591787044506 1901.0001289631882 
1886.656101764936 1847.3238651268914 1849.3682731609501 
1860.2607316681394 1894.7876841415812 1867.8096350014018 
1909.6678759346366 1849.885608463635 1863.355908017063 
1887.1340619546886 1906.2545852473115 1862.971563608131 
1860.7882759698919 1907.5583787811902 1880.4243814060967 
1901.7673644169004 1858.511264634869 1891.100958352853 
1855.3631629201482 1868.311022536684 1883.5508385478531 
1860.2382548273683 1897.3495859368406 1866.0277711831436 
1857.4990239669585 1857.1278126897669 1861.5036422114224 
1876.9872449918664 1867.1287096453375 1867.3356815093907 
1900.7561401645064 1885.5782123535041 1914.357547375662 
1855.1233034608883 1909.6181941366963 1874.7407166753671 
1866.710088069166 1880.7296047047432 1857.525455777829 
1855.855970657147 1912.7305112056224 1855.3068681485563 
1906.6746257750299 1854.3426762030897 1857.4731709964087 
1864.9799185722075 1877.6628768698693 1896.9314868201584 
1891.7462799112338 1887.7914130529662 1884.9835349326677 
1910.77335389787 1873.1732475327728 1872.9786996465973 
1904.6300135578103 1860.6349562600192 1898.411651127428 
1888.9501306678096 1907.2601060737607 1892.4314114987174 
1897.35327508752 1916.8582248953874 1876.862038862775 
1885.9263642209585 1863.6445753169696 1890.8525455698857 
1847.777054710241 1901.0408510526793 1859.2843461504708 
1894.4308905609992 1914.3675727797172 1906.1420687763637 
1896.8279573945076 1875.4010769134127 1846.4983487937584 
1856.6882190512138 1895.2351988683004 1882.0946247212796 
1900.694597925135 1858.2118043981561 1912.6903713223257 
1907.5926312866177 1908.0379689000856 1865.6221632098573 
1895.5363937704233 1903.788701783915 1887.9790771321013 
1880.6851540496198 1901.1579546244004 1876.2516702596595 
1905.7575688445802 1902.8032410329884 1862.404078901623 
1908.581082156973 1846.3404417928286 1896.8094017035519 
1867.5590136079154 1905.1475114828124 1870.94814909533 
1904.721114009869 1893.752219299576 1897.690702966076 
1896.3406096401504 1874.0542790244542 1915.2925261606617 
1911.7281362031413 1902.8429262388497 1879.94146956247 
1916.3409296957348 1891.084841028173 1896.2921563882203 
1888.0071950777306 1849.4040299068245 1875.1766017343762 
1856.9759264576342 1883.4432481528706 1848.8567036062698 
1855.4775986188213 1858.5804757523615 1905.7534959820516 
1878.6391598229154 1860.3671508377213 1846.0237018129496 
2010.9767430452935 2019.045373542068 2014.525374316151 
2044.652074071386 2008.8582954677056 2015.9241304416562 
2002.6477767037757 2053.608821866251 2009.1094156400716 
2051.9186598989563 1995.1212943815574 2050.4968576512606 
2042.2390706387077 2036.2752573484456 2013.0584079995222 
2022.105526070278 1999.6399715128678 2020.8985687164597 
