65.58556710707157 37.78498674557899 15.398749936933573
34.580070984650106 46.10655465842865 39.256539784758914
69.80107736172566 14.849075606239882 10.875271711882627
37.270207558132114 16.57195566630785 10.566304873587281
60.49954746315594 70.97021930411994 48.486787997146614
24.69717716253447 50.75843356571688 14.500419321328216
37.90364509052953 29.08796230465507 46.97244408300571
58.242444570918124 60.08859890908816 25.207973923773537
67.91043386142853 40.553466633423355 1.0331456696071164
32.57530566434159 30.070141945082685 49.65110784570252
1.2890454392281825 60.68656972906126 16.952477939961476
35.59460060223994 31.15976581483717 55.96213260413064
6.717887950929671 2.9310726851627162 58.85731095296245
13.543244057524879 47.23488074141427 72.51252623638382
4.887712925316305 56.16619912268727 61.79495444695958
6.6644373699158495 49.23413914071488 17.814255818692896
55.983214425225526 48.9768480421931 24.564724397702136
37.64704857295477 30.8742974157485 61.598329762451606
14.624507121443568 30.01124354758773 39.225436384065915
42.56424585775937 45.69010217790645 48.95898107918159
23.492039656942403 12.001283632647677 18.34056733441221
60.89984109734163 73.39413503975511 50.38924452605246
12.187046883377834 72.21255462929663 61.75670468512699
70.34517748224933 54.7306849689742 20.807284139161542
6.511255641659141 73.90641264195504 64.72395005470992
20.06816806904462 30.63118160587903 10.678656907797246
39.861646985883716 44.87118561149355 25.34307600318474
52.61484080031495 56.26102693849862 1.3778210460496196
17.78776287258838 70.02643294778261 19.633888359286082
45.156342686114336 45.841791655166496 13.599327453463427
76.04127559898724 62.386219261723994 6.485324833232392
67.20862826226286 39.721618715445466 0.1654600365140052
70.32692336837478 23.042162373442796 53.73389621425992
73.9598086220515 65.78069287040967 55.35453549744545
48.55946460423108 27.293975503429145 0.6837943203270729
39.59175482475295 22.362646415457696 36.94643816400861
46.880451375195676 4.8444379085382945 28.414286291952795
12.416074941382986 48.15086085387852 4.758643570122904
42.809317898522345 54.28538498599703 22.52714005580578
8.114448288367845 44.52609536430739 72.60731893808571
55.89610458173764 21.903298790929114 65.01062603505387
52.53669357405194 12.994086769444081 64.4592736484838
65.92124468828608 2.444481194981343 64.00871311802011
10.108065305945043 48.243021993434965 67.28732745967542
59.16364710828207 25.67958685384542 11.572271026059683
4.5717173802606474 6.869700193803038 7.552250523369123
68.75864516714893 69.83497473948822 65.38623724897057
44.84334880169297 68.79635709503708 39.20701997268673
24.199854113695913 38.126515322209585 67.5358511208366
8.825566307743888 28.82301215606722 68.25170248488125
64.90877733052669 42.104777615884394 7.268327719936018
57.17233236172516 64.87225876480836 39.242401296967344
30.080149485979895 42.85353707806468 75.55302704940281
46.01125512024974 0.9220281524497834 23.72578707527618
19.887805071848504 40.56283726237784 30.27051792175286
69.28954685682699 23.20479797259384 72.09769084257485
56.6622241780795 11.665728494036678 29.14759375092172
15.413911774320317 61.962567898044 7.040002819744344
40.30163635141634 0.6097081028175213 71.18969334161977
59.686422619309184 52.16106126084666 14.04907729715132
66.0289416658586 13.898367770575092 26.31477673925331
59.11525656689318 36.11138483863991 18.986790864299977
74.25238695817089 2.0827470969650914 68.57974807558175
10.439468524984502 45.96482937487481 32.35305743379207
43.11360338684899 69.76362104713827 63.4370776737004
47.67880374680673 68.80666606449023 8.113683260518407
75.68060581738297 40.79127080918482 63.31126482661179
41.11080768206565 61.292479495466196 69.0199530239926
4.061469372584163 3.267458116894552 45.774145083616745
11.882680547542027 3.83362031277307 62.406364410001366
43.104649682360815 17.916914105632657 13.981980437535356
23.725707724514415 36.9415879362344 26.974380213289464
32.485278314539514 74.4181875859091 31.101262430533602
44.485456833762186 50.74907420538801 75.62237177100857
48.84230775481913 68.6873372016619 63.226631885396614
64.12241564279323 42.75784806924691 8.759237250406677
74.92100747198943 0.6688374952017881 3.905626507851383
326.54701180189073 384.97243956467184 341.43773133329626
332.9331643273138 322.9688719340812 308.418078436463
336.87511724960353 367.84019744418305 329.5649707766294
368.4315313100226 371.2281573007824 320.54315745831303
375.2780073336512 332.5898190646547 360.8917054720118
344.5624100644177 384.19527803455384 312.052991915756
324.23567727359364 345.57657430297513 346.016825579699
361.02570421901214 375.00398414218625 369.1219128637312
363.234563459605 335.05355393304615 365.4672492913504
348.49134816262887 371.258790794313 309.9910068365529
354.5106961912853 372.7363700939977 313.0746235394356
341.72598386118955 322.1272057998266 375.99114531146205
318.95421841371217 308.74378141404014 322.0199214739655
325.51496660509935 380.7594447281343 356.52270247221225
362.7564467893835 345.7501112856253 366.19262646831095
312.71385382330857 370.85333428146436 312.319263777249
351.93810380617975 374.5174176891803 331.13902679621305
346.8332410525493 311.4801363382784 375.7895631742399
379.63544218582564 315.89348220850127 311.67526535702626
367.6235605304385 333.4520493792507 374.2245613282462
328.2236213807708 350.8325521263482 355.0004146653643
332.54087171507945 355.6200160654201 354.45191839444175
346.53428907856187 324.4997874904388 382.71714700249584
344.675891723743 316.84239362016206 363.8008736334702
378.0505590684394 332.47020958537104 339.39633022940006
337.3225734025961 381.41957564357074 347.51846636280555
380.37389357390555 384.8658804082828 347.8476179917493
356.0553475077062 333.29548580434624 311.7293198848926
383.0466872976374 355.696451221482 312.9566769828489
347.3505064524593 368.39500866556796 346.0448841440957
345.364192984099 314.93721472563186 332.004173084336
318.0026506671366 310.2478900164663 317.936229303131
362.75788989377213 352.79683043942634 355.70319077711815
350.2190477849125 365.8399798333095 366.8432840711204
383.6455247558714 324.13575203208825 350.4234044300446
325.99601706231704 321.3913509539938 368.6944740928165
367.28050134126516 347.3096156880039 351.5918262765877
371.35505594211924 359.51005180022287 334.692681055133
346.1346984446942 357.3195487833413 336.7777376171386
321.40601318530275 382.340993299718 341.01428892535796
320.85877535662024 382.647220275933 327.5215431502152
342.6842085340272 316.57598124564146 370.1481647944854
384.03960097343224 355.97872268441535 379.49883765537186
345.14738368952663 332.7632419899008 352.5956822894701
360.0678755914193 324.2816709751364 376.81669386727776
353.32411069615847 335.0034395289632 344.8017926191816
335.8329915871509 336.31603024517193 332.79649898187
368.4161025281857 315.7706727696052 312.29982007251783
308.96974197131703 324.6224569452928 376.2457533269668
326.7588528318512 328.9390249540738 337.34524917436477
363.36406085917514 383.53200543023553 351.7084844056036
323.77208203046996 383.0565410733811 308.25744749422677
375.6243259253099 344.99698942340774 323.05276708805417
327.34589791338385 359.05886790867345 317.15166667691415
317.1250506908889 318.5664184437279 345.1797334403281
326.74507498753275 339.2543742138365 341.5079776755233
369.6732268029432 342.06770802148804 381.7909986908488
383.7460860447788 326.52727219368785 342.1159199060848
377.0281970170425 364.0209283927951 351.2722369449374
312.11675089960096 348.00520379570776 337.32887787467143
352.7083535067591 313.75182991918035 379.1894984838615
325.2511310877001 328.136957104437 343.5880467570807
350.84329689579664 335.9318159490954 363.89263092549544
359.0714171630187 358.35280974654086 357.21935436385684
325.93739795578324 342.1964712159503 363.50550664323924
328.1726213511291 331.6156387472699 381.8298782817774
335.7740024373388 341.69442994790376 327.6785254046219
366.8781200989767 326.3387343438877 329.9751423758114
371.2498648171435 323.34328699513765 371.9936156114027
365.84173793798755 351.50446328307623 379.1019911772885
372.04839944616015 353.9624789999966 339.52242205225724
355.6550217171724 367.1876400582753 366.0556671913358
329.7307583835793 354.7138130107851 318.9114414160619
324.80488353077055 352.3296793404702 330.76125727957594
378.3205553699331 340.33594511934746 352.71606273666276
357.5324010912739 336.71898221387653 345.10879901840434
339.5811020712025 355.9645080250476 329.0800582235849
642.0394160916189 637.2116353828831 691.092561812601
672.6367960804321 645.9241308672684 648.5563534947037
639.9110561164731 646.1622462156432 673.6187204929928
630.4094353966049 691.5730879278834 626.4949501102006
644.3786230890844 668.816161406751 641.6559467523169
618.4321048331784 655.5690813013778 623.9698049201465
679.9769481884707 666.8072650952673 639.4926830818889
645.5180604114965 616.094913384297 682.6306685624984
642.114264451238 630.3864481184813 627.0209287752424
639.9739624059841 681.4590674301916 683.7621700954235
644.9277393337695 671.1313491880567 659.9441560418021
641.2523600657977 619.2010986244796 640.632117890965
639.0950198135356 653.7548084109769 691.7109724259677
628.5672664839857 636.9168382301185 647.0304309360234
660.0564796349059 650.3449630648147 632.2198260987093
669.7675212647414 682.8570389205557 690.1973151893001
666.7983055504499 641.1462446174353 685.795193521629
623.0684234172775 628.9777453286971 682.441531527951
632.5097815194435 662.2664540495692 664.2042928890531
650.9567054831198 624.9076779577314 680.5158424731007
664.8152462018154 647.4985280262281 679.1721306253015
630.2966490137987 662.1948389663629 632.3702415436719
676.4578222496388 669.0054391521786 645.0911367320089
622.1888599984073 656.9966393893592 656.2187595942646
667.8624423355615 619.2562784527801 649.25095788093
618.8972495042385 664.9185291546968 655.7186961530366
675.8194970860178 671.8604634341932 624.7762733315047
653.0049227468899 640.5249286466866 640.2443929292938
637.2639323920197 658.9016908968822 640.1085072562121
689.3717639711763 658.2561901798928 685.4679252940048
652.4991991423268 648.7299649021875 687.7878694321238
678.6134875973122 641.5594647744032 636.0559737805454
688.9285494663985 683.7951090191701 676.495872806312
635.5316594485777 672.01951763871 634.8260912509759
624.2513488539739 616.9406666558599 691.4377445663671
631.6259455821029 639.704760632441 680.5356167224982
669.2922472912237 653.1424068293995 636.694500742436
664.7196602369747 629.8838807395507 688.9674786080532
621.5190124831954 617.2498579619844 674.9472183615038
670.8133249469937 622.511694367827 639.9534379202729
621.7129527277513 677.1953629401168 659.1454769059964
639.9731804706544 661.4960228587202 640.3716560816114
664.0294752169991 691.2449068894914 663.4853444811673
626.2926574791511 631.5456239901121 656.2189905365886
618.0985212525559 636.0780795952369 657.7264367038803
633.1254496645224 633.5448385354026 659.8582791638634
647.2839334820309 655.8379654830497 640.5021907906297
659.6031802309226 646.9685163462468 652.6350035468729
630.9347137550141 654.3893886681134 677.0409842227918
659.1405358253668 685.3005851851898 618.8877271470843
687.4875575732283 617.8928494732054 622.1094988895657
632.6594847362884 690.0174351393558 622.4501173458066
635.517294296131 628.0623788531234 631.2796370113592
656.7720696311752 692.4433994999576 628.317974150267
667.961564114744 625.7806370185667 616.3096900051066
678.8764329733833 661.1920778705676 679.2967000331756
666.6140722550535 617.5291296645794 666.677351572035
654.9915831343804 646.5505774317114 673.0887051719995
653.9047190246962 668.1592344399884 635.1247968470836
635.2516966551267 623.3631082695429 628.2961544722239
685.4917003250562 624.2433401853909 663.1350638368272
639.5243515463904 644.956925096565 674.3292710636711
636.8020639681781 627.2973133454227 621.0874670884305
657.166838186437 646.7991727846075 623.0188531579756
649.279711891178 654.8456082491925 670.1002099904669
679.7159007888843 659.8230350446245 659.6224336768646
658.2596842091019 658.8258124071268 653.3501367048908
643.9942809853561 642.4603387762102 678.4009479840626
683.9353987426427 618.0565135852564 674.8778586800056
632.5876681280878 669.2855210095105 645.5533315883999
624.5360665901342 645.597065152042 654.318336142348
647.4142249407528 668.181193928906 670.8177738636515
680.1256061666129 620.2291371775277 620.0742688427305
646.1151882907321 678.703747060262 636.7550741480136
617.4109890731681 644.4371680305343 686.0332416365369
667.3986528841043 631.1245905358759 675.294500285865
660.1246304406401 684.2597223441571 621.2335026197758
982.8845003061992 988.5556396069405 993.8547292696412
993.3137180114168 980.0926257404789 940.0745095727175
995.0427253624912 956.9820720282372 985.6416842631918
950.0577605104132 991.9899745815468 994.196472925244
968.2825456996737 956.1420151430833 990.4248360987579
924.2780364518377 952.48835283258 996.491501982413
959.21254252031 936.8956000676615 988.7481446072773
940.1430610152113 981.0727597506743 985.3909384626373
991.0030071245018 977.1389841313494 976.2698773043307
991.9564162334943 949.7605845118129 969.6906072892311
987.799947174729 953.2390026246798 931.365532392489
964.0296716865099 983.1165733376366 986.8487024865736
937.4492708771704 950.2415657317609 998.0965021744785
953.9668912774968 978.0333986563438 954.7075315604078
992.3689336537697 942.1590439291198 930.0871182605454
996.2777607519921 945.5644779248696 945.2101676130168
963.9255969567947 962.2585486407958 934.6695991404996
928.7209174958346 950.7612480272754 943.6019010444563
986.5878185816523 968.4396589652029 991.9806751475717
964.0091661954273 930.594338200917 991.0742185835076
929.4361642108661 961.9653795843016 990.7084908622176
964.7148613160691 940.2891404681657 983.4380804556192
958.6241121342458 982.2236544907132 940.2067079921724
970.1501308306601 932.9141231156242 938.4572357045836
975.3229652767611 948.4432994112909 994.6041034058142
928.5187616907409 996.1780842201049 1000.6708665050327
991.9947745861027 975.9598751547711 959.2492681477902
925.6876482206918 927.947742445426 992.2314175226172
944.3405242674415 955.1662284702127 994.7368303191824
999.1896043035476 936.1001736687797 956.1700266347757
964.4134184489926 950.913143916299 995.625702781831
990.1985019146534 931.2767016810342 955.6358290519111
980.010252223113 944.3341962231841 1000.922067482043
991.3036651575012 971.6319071044016 928.3884617809161
985.1125142574323 959.2329002881248 986.2615775118867
996.3529502194177 987.3481551040693 950.0420244746427
946.8113279977844 939.2340339204608 927.5055066546854
942.4276730116358 962.6354852603007 985.7420463333032
927.1654933811774 929.3453690009767 985.0536769063966
927.1082102923436 954.1141105145334 950.2756563335806
932.2530898654268 985.8916885459018 938.3771455718654
954.0181298977551 960.4987253497112 929.6728606981391
927.2389993783039 986.4898288435578 948.081018913837
995.72688791344 997.025364552611 946.6485660083803
950.5354162809443 996.7958589520347 969.2597850660334
940.0111090337375 949.7070302836652 993.9169705535367
976.3900457924634 953.875967566129 953.5695840976105
981.7579010795583 979.9624084885868 925.4904819779107
944.2909439369655 950.3219552038695 991.9191691558722
988.3629088099923 925.1850242945774 986.2529949855701
969.7927366818413 936.8205853892409 947.2871117020101
925.0868436530027 983.3803725443221 995.9911984830155
924.5126402755603 944.3959540261884 937.2617743344589
978.5284125733339 940.9824781869527 974.1862458835508
988.106652686 973.2296865052961 969.9078706551708
930.5148284430253 983.2705599818578 954.4529482774983
951.2339567153517 971.7128545329282 975.9240275292916
940.3371420121397 963.3558863800552 937.597642509511
948.2560340870052 989.9304863546297 998.7890309443287
983.1137729076374 966.4019759463802 967.8997072105092
943.1174205846636 959.3368558427534 935.1244352653969
981.8289930272886 969.8927213523393 994.9650667617406
936.2157479794199 950.1478365698215 989.4598675188641
970.3464920962506 985.6316292858829 946.4849734193771
940.8541824186087 934.1592144439686 949.374815883275
964.3051575177942 998.6967062513089 938.2559529384533
991.0461697393797 924.8985874198918 988.7977915997051
953.375112146637 972.7652759081265 927.4967117868256
942.1643142118617 927.8202332744833 956.562361984941
995.7737031551912 945.2720206434936 979.4772170362952
942.075883239382 958.8705646807684 986.2277880030636
992.9427214871951 964.4937154789202 942.1591791189785
976.3479288343681 942.3021142964228 961.2312238188346
926.6005656983959 924.8035038380563 970.7482358830745
958.2675191201492 992.2563517914854 959.3031366565988
932.5842567099154 954.346142822802 947.5255297553786
978.9977305353397 973.4996752311982 1000.7622011191413
1289.8293371469758 1261.6387473927687 1279.1506648929608
1239.0596710856414 1275.4902006755715 1263.8255490083498
1243.091305375415 1244.038488251282 1299.2077562781674
1243.6110730971332 1270.7407265708837 1254.4323697312534
1243.9744458199357 1275.5412265623147 1308.205917859352
1245.605341059478 1245.3009995531568 1279.392353054787
1266.486037340246 1262.0250585944573 1247.768522305885
1280.2398119902778 1244.7234853241491 1247.1133450986204
1261.108301129352 1236.8366978682056 1266.9414464436318
1300.824214976004 1277.933910825227 1242.2560030432126
1292.0910192038402 1300.275739169227 1292.151948131042
1246.8175004259247 1282.6538724521538 1282.3727328757873
1280.3335756682236 1269.4994299034988 1298.5740153463626
1281.3329639029396 1274.3901913596762 1260.9554866245585
1253.3588826255225 1250.5681289836505 1259.0579441012962
1259.3879670285926 1242.973355658048 1308.9643715551572
1304.359018196059 1300.9106052008942 1275.7070016222149
1279.2175854272 1262.4728136557928 1245.5751749902035
1304.3145893844874 1308.3169351674167 1289.1473674884442
1269.0284247921072 1296.3425157549548 1304.8726584807218
1288.5713040545045 1244.1583022290752 1305.806116636284
1306.1807919039159 1274.1260424865175 1273.771532243722
1258.9762151491773 1275.6538950724228 1306.5010458367378
1251.0157101980865 1245.4555717517953 1234.019553117242
1291.6780760858587 1298.1852599740423 1253.0942809967385
1265.425467092458 1254.6240071623868 1305.4845952730882
1277.78915147166 1241.934641265488 1297.7583947472406
1296.1425250173124 1256.5129790912406 1276.7730672508621
1246.8082985384285 1305.7464099993445 1277.2303923159382
1275.642558071879 1308.7567134176797 1279.658970227389
1271.6229075551537 1283.6969771869399 1246.9023904669311
1241.676412415224 1276.2882671368968 1289.3256875138466
1233.115266019466 1263.638225336952 1276.9987907121401
1273.20919431547 1233.8016604565062 1275.290464688665
1267.8868647018219 1268.9093870555216 1234.7093942027973
1289.4145743223614 1245.8914159479407 1267.4759343548958
1290.861017385075 1288.687134106257 1307.1651236483444
1255.0336261216826 1297.1299976535308 1287.0343472671098
1290.5641377381971 1277.5416105865468 1275.0747205511202
1289.1578944172604 1267.3960029903128 1277.5967210686804
1268.7119104625738 1301.6863147328895 1295.1793769594376
1291.7517565317996 1232.1810992934015 1302.9698966711426
1254.1726617579588 1276.4554959980119 1241.7542727044547
1269.3808887532582 1251.9900226618677 1249.759137615832
1256.046234257644 1298.798772530224 1302.5779271803633
1256.7094380893375 1287.8548437971544 1260.0355706934786
1273.786607641645 1238.0279985402472 1251.7238406306758
1308.2406354465943 1270.092985450448 1292.286367843079
1273.360795700481 1287.3205881920571 1257.952669275732
1291.5944361748193 1307.8247815728369 1260.4179417023574
1252.9894632762926 1252.352163671379 1258.1709605997878
1249.6438128048264 1276.6790302371314 1290.0765880270583
1249.7667272583803 1233.964844741797 1234.7951414614033
1259.014862941524 1272.2491962721494 1252.6540408496967
1307.7913869811814 1291.039583742853 1238.019623695747
1263.0662159735305 1283.6957916114077 1271.0556427484978
1252.8463640592038 1303.026109177351 1286.4358732767919
1296.5407023463886 1308.2767870593289 1283.533247517288
1262.968720107234 1281.4750477203572 1302.4240748000752
1269.086195228209 1240.3152412239638 1279.0684483471368
1239.222958551045 1303.8906021007551 1297.8515877078362
1248.7024314710882 1288.7110422126377 1270.888424193689
1301.3829694755673 1267.5363895946994 1287.85038889078
1255.2300386245859 1243.93025734731 1269.2378219151005
1274.5301470064578 1268.222231264689 1284.7671486658958
1248.2679852228002 1306.4207431969826 1286.0777248395398
1243.8763877193533 1296.1113875520339 1236.6579067891628
1241.8579691877576 1272.5765878906134 1289.9057904719918
1270.1581554296754 1292.9868401206718 1269.6360509055066
1273.342792169881 1245.906204280629 1266.1784803256548
1261.116474986833 1255.1394716622258 1300.9877740556562
1254.6067898916676 1265.5810297254811 1268.2715263733533
1247.7572136142658 1245.6012608975802 1259.5989300007275
1251.0091950024832 1297.9201701496931 1233.1433931048216
1240.1673941455829 1307.3003941108211 1277.8572905936646
1240.0619285560308 1287.3970727776575 1251.8524498773013
1246.5701371350126 1284.0677767412774 1281.9222356060086
1605.2073113272013 1542.0534699005443 1584.479797124821
1595.2237592561396 1571.9747769441226 1589.1726614687504
1599.8368778219708 1592.1466524101056 1603.2904347983879
1602.4227769503996 1567.3675544781718 1604.6139135110366
1573.3832740012444 1545.752602153443 1575.3056662100657
1543.620317076729 1580.231820602607 1587.4221418123077
1555.0314718445748 1580.0110254216938 1566.3924603891423
1565.2454799616964 1582.451034628477 1597.5416270187775
1578.1591043718995 1589.8095682128733 1609.8624113487856
1607.9034273245134 1569.0878914188766 1546.4448399789019
1575.5443580220472 1586.2042991148896 1607.241307101025
1551.0003098656045 1541.7250715688842 1594.806774116326
1574.539326705012 1596.9577532682993 1550.0955693591382
1604.8056763393197 1597.950466918784 1562.889337911302
1548.5281492122865 1590.6400534161799 1585.7604285271461
1567.1924007620441 1574.3704893569313 1586.2167111370395
1555.3470493770603 1589.3639211286907 1549.1715219431983
1585.4304544223883 1606.2378929845618 1570.6188400537094
1556.7469862929352 1544.3957523775648 1541.8120417975354
1560.130476764006 1592.02019256047 1559.8399755722348
1583.161723320711 1600.7714791718333 1615.5357785576607
1582.551699997109 1570.332198401729 1576.476981649996
1615.7023955069228 1554.5091932015353 1555.8626015759967
1613.9782084411086 1559.9052237226686 1540.2939311334658
1547.495200896064 1549.6055750024657 1608.1570989145107
1600.5795906153578 1613.5996108869927 1567.6977593982715
1543.1878948439846 1577.9749241140378 1610.682418196132
1574.9384027560495 1566.6048834806093 1605.1784049456178
1584.513183198437 1613.3594860681624 1574.6272915684701
1565.3142292520595 1548.3566735947086 1541.3287809836238
1580.7196228398884 1605.8764124546037 1593.179022921856
1616.4636440047911 1573.0920686909947 1596.1363321618915
1542.5328697347802 1582.9060026494071 1610.2760125408947
1555.6441450123411 1569.8332307824942 1567.226223915898
1561.5107074912698 1566.5427208305173 1565.0855339735415
1594.882942761902 1579.721120228467 1551.1774735234403
1585.736684470432 1581.0033373176282 1598.668796620885
1601.734722172631 1550.73381699021 1542.7632015973566
1553.0467595677142 1593.4987222775871 1616.222118686884
1564.8776444902512 1549.669322220874 1613.6630256008089
1569.6711515193933 1598.8835388021755 1614.7238877334348
1557.1732681298 1572.3116370321102 1584.1997005193182
1580.2137556022305 1583.1630838055949 1606.4241810871222
1568.3800943245246 1566.1745855344168 1593.2532243290345
1612.4658765854604 1562.919573155942 1602.839440010454
1558.2199959059744 1601.6746058757692 1547.6030400649327
1559.3690053422938 1614.7405863655988 1588.490798452242
1558.3226930978192 1598.6370178827792 1595.6126048200908
1612.055660343784 1542.83408851571 1564.0538797127024
1603.2562871773484 1551.660163412325 1608.3557234109353
1542.4402902178035 1593.0862076665555 1559.7478079252214
1562.8432445312235 1577.5796408342208 1563.89045534103
1613.256562990145 1609.1859299314979 1570.9180551166
1550.5925301860752 1554.867672297072 1555.9955411723006
1587.2143110996456 1593.8476243625653 1599.1288494202693
1573.6870602487822 1582.2104288000564 1595.129960666751
1585.990756268304 1606.499230165001 1582.7587071573457
1583.2578854249946 1574.521567766263 1602.920795031194
1603.771178902863 1565.9128788545713 1584.7009978181586
1543.9927272982459 1591.3103441999465 1547.272844246617
1565.1923576553852 1562.7424641818789 1616.0729812585132
1597.0389446269346 1550.8213600336796 1557.1344269249644
1614.5140525929196 1575.9872135929827 1579.1457174182235
1548.2782569773185 1572.087515769043 1612.2862291286813
1544.1757366712757 1581.165383109034 1586.9341214098567
1582.0695505601475 1615.441966827545 1546.122827401113
1608.8596545034818 1563.13145155829 1588.944107970254
1579.1413440333001 1606.3081403637004 1586.3748972481462
1568.661265758434 1567.844957899895 1552.199482942474
1587.3777159672593 1563.8372276907896 1544.749075803491
1568.9233836493434 1576.6220226775301 1566.2824363676214
1578.1939018665278 1567.2346061255053 1592.8608977475114
1596.412417591263 1577.7543089976575 1553.1617589535663
1590.745739491852 1608.8957939618751 1609.2416519684136
1601.206718516377 1551.6278675085698 1593.944469731675
1555.4415375334613 1544.8397710211125 1551.4324815608202
1601.9272485735814 1606.0235059446982 1615.6987746275797
1895.7179757247372 1856.5719140383012 1869.5204230430963
1908.0216157155999 1898.759318116163 1908.3940805848113
1873.0280994970683 1904.615162406996 1863.7882453567518
1878.1154415733024 1862.6615198644183 1875.794743314137
1922.8820277449004 1879.313338374309 1877.39616009013
1855.166068167328 1919.756504086731 1873.9266604352267
1905.2600213906874 1851.59384759244 1852.3536685352462
1850.7556567605113 1875.243933453414 1919.5715433165444
1851.739667460899 1914.294504319299 1923.0108915428223
1860.4657808180214 1855.292987583256 1866.132659990762
1864.7529627948006 1915.845557514896 1870.4504264603336
1898.02451434272 1899.6266987720876 1878.5104577225995
1851.3280586773114 1891.6918021035137 1911.3295061096178
1919.968351252573 1867.139503544531 1856.331923148944
1907.6321661164707 1890.7596519821657 1908.1871446344662
1865.862100381508 1887.331920779508 1848.9127349824978
1881.7520960364736 1889.8300126744057 1898.9777263863677
1882.632510150402 1896.2252894623807 1895.0045818607316
1871.4322527542934 1864.568738119259 1879.384499015751
1857.6935771068484 1912.2866222802074 1865.7850518241635
1867.1221814047362 1917.7432979238415 1879.087510860647
1887.1413355685206 1906.3886698206509 1849.409895188826
1915.9444847099003 1850.190698446799 1876.3304992217838
1917.4976883363895 1915.2621378582967 1901.4238587674258
1870.7067560176577 1893.3951440345693 1868.0862351066837
1860.567449284522 1866.4009454174745 1908.5188033410643
1915.6793175469293 1898.5901387825102 1919.7751057077753
1893.7743977573202 1915.92104469505 1893.4672693129644
1888.917179331328 1862.9877061083216 1894.9209145265825
1854.4155781619493 1891.8736347189465 1867.2774257693316
1894.1198197443398 1851.109639539758 1887.4366686845854
1914.6501817672847 1917.2080931852947 1871.5229844781181
1899.6503653722423 1887.2596903757528 1902.1876719835
1884.4908287756273 1918.9482838852769 1853.845295152704
1854.4688151101693 1891.4140388822912 1851.8500396708612
1864.8178245685417 1876.2906700627505 1875.663828561743
1851.8331187575675 1888.5221470352524 1859.3684135973751
1899.123190758701 1858.5333150917656 1915.3472928425754
1854.6979130296663 1896.7111845145719 1848.998715938119
1860.1773563411434 1899.0202201081072 1880.1720901847063
1867.3446677690224 1858.1753162182786 1892.529962223097
1901.7713329372566 1911.5134212600824 1922.6661916464564
1876.5159064165607 1856.1379627698775 1854.179950603095
1890.695852711597 1895.1738580321069 1862.3369241459961
1879.8826087299944 1850.3578333570579 1874.551870779954
1922.574006542285 1917.2602862901115 1919.2294350719892
1911.0774969358258 1915.6865550137002 1869.3740791063537
1905.7398958946549 1919.9451949543695 1887.3152866234257
1908.7128312274676 1882.322469037402 1901.6105247577955
1856.4117520656105 1851.6654226979472 1882.9755514834533
1862.8993707518487 1852.1105062952286 1913.210880850328
1864.2297960110466 1915.7446280344705 1860.2268204479776
1891.753476647246 1893.0544505365556 1849.00639471587
1876.0495230558708 1848.726511117991 1868.1260412047689
1881.5469897877379 1922.2705806359381 1850.6806645990835
1909.1156003990716 1923.8278757270928 1863.6386854378509
1864.615729152704 1888.6261287359914 1904.887820410879
1861.3844729193954 1902.1719752887495 1885.1435448044751
1923.90395199862 1921.4032074523634 1856.1244390537136
1882.1199132206366 1871.8919355253188 1898.819584160673
1913.7082443604138 1920.901487754676 1866.7502358975303
1906.8755572867315 1911.1218696567441 1877.1142876409658
1906.5009329878299 1919.2408644860925 1859.9599187767942
1909.3491847894913 1883.8843827709181 1862.9270844094808
1857.96266817819 1871.474382818058 1922.0184237341655
1911.4013050903745 1873.918983713864 1911.911595335814
1917.130926923385 1876.8444540459034 1884.6446285582736
1870.5927956349192 1877.2613716637766 1850.2804827912414
1893.0823381557102 1871.3977945629467 1884.7575617561338
1894.079254848318 1864.6093847117388 1918.7619943448253
1912.3772118617549 1900.325915409141 1911.6868148187787
1865.0513818219872 1880.5445616089426 1902.6667661937577
1851.1747224077376 1919.88427536182 1902.5755309939586
1886.802678695337 1912.106678658484 1864.7100244466549
1849.6997704265611 1881.5007853269055 1903.085512525349
1851.2821695344508 1849.722092472606 1882.959131815101
1866.37330495858 1865.5636812005223 1905.4222399860857
2223.9828172114444 2159.814308723084 2173.9033595732612
2213.8253173979356 2166.0580016073336 2224.88194611905
2227.9369335115375 2213.2977103332523 2216.082122007613
2197.9977600550424 2179.5514805841813 2174.9930155698057
2203.54955321375 2230.2088845242456 2165.0001423234257
2232.592112830126 2173.16702600448 2200.617697572047
2163.9047772432323 2228.682607189563 2221.587890802758
2165.8138152836286 2202.4321488930877 2191.1416963523043
2191.059182454126 2160.164178685587 2204.5700822507265
2206.8967396884236 2196.3397419474313 2175.0698042398217
2223.472603711467 2207.6542967644586 2157.717306628273
2220.621376916306 2176.233987259185 2204.238983291759
2170.9411126946784 2174.854491082119 2171.5685572543175
2212.422848087891 2189.4360490817544 2221.4385621599986
2166.5651711445016 2167.189945755753 2232.480052433678
2205.0707627152847 2159.110408631223 2228.824226500723
2210.257872206643 2179.6631147966255 2231.6795981696787
2170.241218099254 2185.907146439724 2221.843254298165
2208.3388406210133 2230.5598582196076 2156.9487756436115
2160.6412054559732 2217.096129054455 2184.5469375821262
2179.433945288429 2192.399159633118 2191.951644864447
2222.117345149616 2220.318403886894 2176.192238640238
2216.1408502353506 2157.3401599038534 2183.428996412187
2172.5501321294087 2220.3041233858753 2180.7095469658257
2207.3435544039867 2171.804241015499 2230.072643444589
2170.541055218683 2199.571448473728 2219.6384160191274
2182.9054761924053 2217.8032710887 2195.3237437304315
2167.419809342545 2224.809999997679 2182.367154039716
2190.504879725635 2227.7478815324885 2169.0491548512623
2182.9513434829914 2193.938532784065 2224.7812497795767
2181.104573114143 2190.859327875828 2182.8177634421345
2186.619260226103 2188.2528051378176 2208.7244693616076
2224.279741888167 2170.436576150858 2167.4317721844604
2185.4565033166505 2191.0537792748846 2187.109795430174
2203.369547452391 2182.090430581291 2198.1620935536253
2191.2447271291226 2206.957928230634 2165.660356848169
2221.194327005921 2168.5994780774986 2207.080699647577
2232.398383811519 2193.311964408625 2169.923327560547
2228.527711294786 2178.0558625278713 2226.863039876319
2194.2617988113343 2165.3742529637307 2216.1907815764034
2195.1636331453096 2200.1326154211015 2176.9646249212255
2187.6117714775137 2166.777431785065 2174.5861198990638
2213.4921972308493 2231.379212245988 2207.1489155666977
2209.232022394922 2216.720221189196 2216.764487516303
2179.111062399809 2209.39361732512 2156.1625951081373
2197.6179869970665 2231.239779522653 2195.4129356158146
2170.4175554450317 2192.5668808225864 2195.61595855475
2231.836028500279 2200.3363895823954 2162.130356808951
2202.3195576415505 2197.9665705144284 2218.6646736963316
2202.3426278742763 2209.3409761091984 2173.216412463363
2186.44183919075 2229.1872108681714 2165.1067562544927
2181.852679147739 2204.149211748619 2206.909194797573
2172.6845909457443 2232.76162738902 2212.3059574851277
2177.4946952503137 2212.459464073876 2179.7108918470285
2159.152272389547 2181.7402805707165 2167.5123419173424
2231.2520499210436 2189.4240001241915 2179.5235271659853
2194.803498556004 2187.393760839519 2214.706562739981
2168.217631609671 2177.6159468586434 2172.9187666356775
2209.9103139081676 2180.512249010325 2208.327040024493
2173.8708697344027 2211.747328397679 2184.377360132371
2226.5113155681 2216.0146745826855 2175.065204709672
2230.6251638864005 2188.4977424539456 2194.2818512418376
2191.2903476183087 2223.7007639465346 2182.865898829785
2224.81377355817 2168.526356406291 2196.559221509373
2211.4565185000165 2169.1778067226146 2188.781270539296
2170.1857925533714 2172.4232863509765 2200.7787690366117
2169.3238778236987 2159.900277018393 2231.63920996006
2180.1637826059573 2226.8617573358724 2174.306792982503
2172.0656545061242 2177.6377917322347 2214.025426622413
2196.9843762509045 2231.995550540485 2214.382994530864
2212.6702982715815 2232.2651086067935 2166.398096393041
2200.595977478566 2215.1569076395044 2173.2320806704547
2229.5484933640787 2220.143111158649 2170.09760389879
2190.381079112032 2191.8816979703483 2190.685595661494
2201.597343205157 2223.571617508199 2176.5028985378895
2202.0903498866955 2223.321333389099 2160.8816586793046
2199.5151955991596 2202.0566168680098 2191.7444931584964
2525.559440201488 2524.939432405402 2520.899034193299
2503.7069624094534 2487.8515776810254 2498.886716536801
2536.17874503463 2501.491651478286 2517.630377375004
2524.3809353739903 2476.0060208777345 2511.060428153927
2514.815477705283 2482.0845995825193 2492.839565658297
2477.737077671753 2524.6674624247025 2511.693833218173
2503.07080914877 2516.721563509595 2528.4924051937855
2489.386964066558 2512.009843615261 2506.05076585116
2501.5055821215115 2510.232483250192 2498.8437654039644
2485.595143554883 2466.993890792543 2525.763471604677
2476.7254769889155 2528.4910642523964 2528.5256331374803
2518.3626493960337 2539.490709697148 2484.133815258861
2498.4720552353697 2465.635091567133 2475.958876815042
2485.0030383549333 2478.6984685191605 2526.544862385961
2488.838472142192 2468.003831594124 2518.3474942618227
2514.865594966401 2493.3623006528514 2493.8288585865603
2528.20967267886 2472.3324284988466 2483.7196252099498
2511.282347730778 2507.499150285591 2527.65520160222
2518.1245889779475 2520.2110185374754 2479.8482734883646
2529.4668180786143 2540.194311987326 2481.8587061930816
2534.7674156872026 2530.712784364637 2476.396537771432
2482.016550279292 2495.3863451610227 2509.2287894867686
2535.578982544416 2499.76998171875 2515.3502285132017
2515.8207993229125 2510.1475811476053 2527.090032091929
2526.593386427325 2528.907144178536 2532.4243813128014
2500.717530563401 2481.9101243702403 2479.819341210067
2523.6161350885404 2475.498289008562 2508.963270054365
2534.2259274860044 2524.915583329582 2495.828355981325
2489.8840611391156 2534.7176724237543 2511.9572087063343
2467.774259150521 2520.8063317501524 2508.314936721601
2537.412707525489 2491.6933203474655 2465.0610724663593
2528.0114230471654 2481.018727839759 2486.0419729785913
2480.25633855886 2523.3123475673083 2524.594414976858
2500.559555144995 2483.8804068648624 2473.32171863476
2476.627383222798 2524.570458100854 2479.093300966432
2485.859825321456 2511.8559919997033 2476.4063780174733
2507.698144867684 2519.2181202781244 2502.952817769834
2524.716392779971 2478.225670519359 2468.254899059079
2492.3737443740984 2483.88394248773 2532.587870139398
2498.828871075417 2525.064185415088 2502.0105038593833
2514.1624903155644 2470.7460759592145 2528.2850138740287
2504.5469518625173 2510.969651285683 2518.763591486801
2481.1389964528476 2516.085355203088 2492.1322733522125
2490.9059769733913 2528.8525328799274 2467.2313532337066
2474.248326876662 2521.019495670969 2486.0458737790573
2538.0475188305986 2483.1729157622717 2532.7489937823907
2468.8125325692918 2504.171987086851 2539.429822839122
2477.637842545772 2519.433564851353 2465.79623315128
2481.498141901376 2519.5070101130964 2523.529269796109
2499.9988491446256 2512.894706766552 2466.2292396886783
2468.6540530172233 2498.18444115429 2465.1135938267726
2530.753657696431 2511.2757208745948 2531.4154435914115
2491.6282728557962 2508.2771910951774 2537.1321497990252
2526.1221717935396 2473.2146081986893 2469.357099082633
2466.6169775512485 2482.329790451057 2509.461795274168
2470.6492473633057 2535.7309622272264 2497.917840187031
2480.2427491573026 2483.698497771956 2539.5945721927915
2535.007696563066 2471.632249936692 2500.3172335909935
2528.97073776087 2526.9736197329817 2533.47371940801
2476.075212252574 2465.229388970131 2484.2568161082404
2502.2859813950886 2483.066828456493 2483.423807048506
2481.4459733671583 2502.9424050995704 2481.1807452176477
2495.6585487853413 2531.3937539606077 2506.2389135450126
2520.3224170072517 2469.284789667514 2497.5696679159682
2502.2197344512897 2495.788671567834 2488.784268321013
2524.5400669399874 2484.639122198007 2484.334290978305
2520.3075733704204 2482.4899565365927 2500.049566072589
2488.142033087692 2496.101100116711 2538.5451228521224
2482.2844459826315 2517.2747665144334 2495.0586591507044
2489.5564137690717 2504.175401728361 2524.692723707807
2513.343061779977 2478.6783977252376 2511.9094138490746
2497.439458574649 2475.743298363544 2472.263734689122
2529.3835600497214 2491.4034947936293 2521.2179204048457
2497.8925076317682 2514.440736118477 2530.40609615822
2529.0611663256705 2519.200612893007 2535.7362598325462
2485.593164511815 2540.2608883871103 2535.696344236876
2506.8518074782437 2488.8128929537493 2506.5232119314533
2797.6771575743523 2834.833252033278 2821.9059397575606
2811.811287446839 2783.2070099173707 2791.2162619408045
2784.6821849924054 2836.833639039347 2846.6453525636603
2800.458612767236 2837.4187210748587 2782.6755222136044
2843.7479768125004 2844.022343220057 2817.2368020662348
2773.895166413883 2815.550776436752 2805.2578483433795
2809.1432419108096 2839.8987943573416 2781.092689224136
2837.5982642418967 2805.754592972715 2807.5447441237516
2800.908431992121 2821.78988015078 2815.6311373387853
2847.8710312581984 2774.3996708812765 2833.6886918368864
2815.1047061262307 2809.9541970145624 2810.5243472391203
2795.272301856972 2779.1618431881698 2845.025270158922
2799.95120671456 2803.0352269294394 2821.4232986417364
2827.0736366028486 2776.6169101246 2823.1420977648163
2823.3413838125634 2800.865967497528 2773.0070636972396
2777.512913694973 2822.009063370421 2814.868762008684
2803.652145034625 2822.0786869191497 2813.7459946263552
2793.837498936975 2798.586417603144 2806.2660322502993
2819.9582569118706 2827.1826300418534 2834.198093166855
2845.6461129614354 2812.6232975378052 2818.1744248300424
2812.4613371847067 2774.7265285511753 2829.57316843036
2775.720813345988 2817.2089892695553 2787.9192720596366
2786.7410934546815 2808.8500382926863 2828.255278548147
2818.6264086387832 2813.4373239268093 2794.160164588795
2791.817992747719 2845.796367633737 2833.2206492598257
2838.770808588939 2787.918486086987 2792.165009988676
2794.0401763899927 2816.204679406528 2791.382218725763
2787.5070892715676 2789.0617500733624 2835.818693292262
2792.774260281096 2832.403440422368 2832.505863351581
2809.170514659365 2810.7267657344687 2802.294966220809
2775.333715039467 2787.559712110225 2805.0508029018347
2794.433432917806 2814.517423311714 2808.4421163532643
2790.6329478996595 2826.286758920621 2782.960120414049
2799.4568660322357 2828.81861991067 2824.068454649034
2780.6906939261435 2808.078313109465 2822.4759142863827
2822.715285194854 2816.267478296964 2788.4869016645757
2779.456161217429 2837.3046058079944 2820.618744318366
2775.5253226025475 2827.1761764054477 2773.9630896288386
2778.7125869917963 2838.106365416871 2807.9860737632403
2813.290877303332 2772.4137605246256 2799.2064511115564
2788.9506310760453 2838.2298129864625 2809.6799681397456
2789.4942014677085 2842.367218996859 2807.003747337205
2779.75591736557 2816.329008197912 2775.8283484094513
2826.3031482360425 2824.7738958303503 2784.7696713704127
2806.538279226929 2824.759214425171 2796.0247246791787
2781.641918200937 2805.2564304983034 2834.2082173703275
2834.244782002376 2832.7775199143416 2811.475993197425
2838.4278720187704 2810.4974928615516 2801.1606434472606
2822.907349259678 2796.0909686435643 2840.7844680131216
2799.526203883702 2787.500283059276 2779.3476585485787
2784.783269347827 2825.1465423103455 2804.1451272650143
2812.0456725720724 2781.3426046638197 2781.841451844183
2775.091316553048 2777.631793232547 2818.625811981134
2824.5786844831905 2779.909805636795 2803.994228917844
2835.442140820922 2841.9023652798214 2812.8857179989627
2840.699906281456 2808.169641361158 2815.8708278110207
2837.8846095626473 2777.01559104083 2796.3968243758864
2843.033327621194 2819.1090888530575 2786.700580813581
2820.8869236104274 2794.9865416895204 2817.134319053009
2774.106663719112 2796.1959093468618 2835.796815964945
2792.680419788535 2787.3107447587518 2799.551220452108
2790.453400522323 2808.650388786378 2822.2471563539616
2782.922856962007 2787.069104386005 2837.197304464075
2839.278556337278 2799.0772530320864 2828.2448874555093
2772.1573057641876 2798.6369707850436 2804.7070105771045
2772.464431292817 2838.5337897095815 2817.8120889855522
2822.9486199836233 2796.595666182017 2832.5990301435977
2811.119157715614 2810.230344913882 2778.47558563961
2785.7521716921287 2834.2565109146603 2823.1748834424393
2824.8240703613014 2791.6052403051667 2782.425752768128
2810.462047986344 2786.0006729786965 2789.2162814486364
2793.1884386846896 2819.3968009103323 2825.225458081183
2834.360344469216 2803.6581758046564 2831.4342146155145
2781.927489982769 2796.145817631808 2796.336029506757
2835.5075677525742 2817.0022955589093 2798.2860161920044
2810.713287933368 2836.546366696281 2810.9732989523527
2802.923114855802 2793.507272133676 2847.0385515738208
3082.5154565887897 3093.352688275816 3130.117834902377
3097.266022005303 3152.565210351464 3120.946071263601
3096.7404322517373 3150.4375596661844 3116.2510925882307
3110.6575292349376 3149.851885114987 3085.9597689079974
3156.437031362266 3080.1916664661176 3142.8469811273044
3122.699154120228 3156.750706073342 3142.029549031493
3151.5747735731534 3089.250553333675 3092.2333947276024
3147.394398902497 3144.4056590078326 3119.927221535742
3107.0315446368472 3145.7661791843516 3104.908287791675
3081.4330549879064 3127.7720581670837 3131.7487208488647
3102.6105332921784 3118.1791374968457 3149.3983329454163
3091.141599167599 3132.5297920955036 3100.3933634394034
3156.329673736315 3127.2158107111186 3120.04669165682
3150.695952644571 3134.8185043247254 3121.4646107426925
3137.9641289757715 3080.4936994060367 3144.133886575289
3136.8853755181335 3153.2170522902634 3138.7112463888516
3142.4267902155666 3110.0427423664623 3108.925323667797
3092.684398615905 3122.802087164357 3152.5692230596187
3129.88273347796 3112.922631144938 3088.325600837543
3122.3515091755403 3139.422544729886 3095.9636986477117
3105.0497764410648 3098.9446119053196 3120.8061951901705
3110.205300540275 3137.306811849983 3146.8561855395637
3088.640457562726 3090.824769537274 3153.682076080592
3087.889136354126 3149.7416787218226 3127.6762576428255
3110.2430883577676 3142.763739681841 3133.8233343676234
3108.726559011078 3113.750507353039 3112.210875952113
3149.397261917621 3155.3496921849796 3116.8680191595026
3111.8880412123635 3104.889146629511 3138.5850650617062
3133.2631714375693 3109.0379950259644 3093.9189012857673
3104.263995329388 3111.618963185091 3129.9382781077206
3114.61780409921 3089.4039914244654 3093.9098388077628
3120.067183371518 3121.278598649103 3123.5185571453812
3081.917481896852 3151.8858672541432 3129.208537486824
3128.651419027084 3146.7016955467016 3139.842390059253
3088.833999930769 3129.827879054713 3142.363694961422
3150.7533624258217 3085.0666060146814 3084.1110395440346
3082.9300794744786 3131.118346152534 3101.3283852710974
3118.6792150812507 3139.0579958878616 3111.572773929811
3097.0014314677933 3104.2109273676288 3117.4958887662165
3114.422392389206 3123.558847952559 3124.2900661068857
3137.5375433229237 3114.4873178806793 3081.4757137739025
3086.4667895617767 3110.0691842740284 3093.361018414934
3099.39915051771 3118.7054953172888 3115.4605260929693
3136.8202958533648 3143.7633988420976 3080.4593281963785
3131.5267840528522 3095.9743469031528 3111.4068117295183
3090.2722732019542 3135.0032336633762 3090.1682394729537
3104.69083958265 3125.9500051476016 3089.7082926868857
3154.69091026116 3095.819334296567 3081.3488824897254
3114.8190251144956 3132.094447702282 3139.7206030145308
3123.021078075702 3136.9981409463703 3153.34813940941
3093.0767492089267 3082.6948776445497 3118.1762824412813
3118.0318759386023 3133.717678139718 3121.8982244587232
3107.0376318652575 3115.458110596498 3118.512358206241
3155.9248136830283 3104.466499624436 3096.8670751806317
3116.7348739845943 3154.108026622419 3121.6658991892177
3107.2048854973355 3142.180966814449 3110.5404415537387
3108.010977292224 3143.440617406872 3118.5187722859732
3149.1923000109446 3115.994793492807 3133.8290988104836
3151.4207963894096 3080.661866829729 3120.716727537257
3152.539754184476 3100.8797276361906 3126.35744464002
3129.2874834692293 3135.7467985052085 3141.777170350306
3089.6563778264326 3111.665098325602 3154.301835838884
3089.0365384903303 3130.763174612468 3109.703426436223
3103.2742880940486 3135.7387082231667 3099.5406610548935
3133.9576834260397 3156.787189859651 3144.074947005249
3113.1670347095624 3125.9646913653182 3101.7493409637473
3098.180600168857 3114.201984383581 3101.8034024228677
3085.4418869731453 3147.3432471758333 3084.888291685565
3096.9903107859755 3112.1254516312865 3144.9537245076554
3087.0813036039403 3098.099429435159 3148.8663606431946
3101.332822777834 3125.60445774041 3153.1721190187277
3124.614319836614 3144.8182599640195 3088.770142785728
3112.6046992094107 3154.0265958270825 3155.375292668663
3124.231876747294 3100.3677300918316 3096.904448475831
3100.969397381855 3082.575548701488 3102.3417016320545
3136.213877793079 3095.459145043853 3132.6876675759972
3155.639834956946 3124.8083790966925 3153.176086684333
3423.1960786885097 3438.694889739954 3404.9810273549388
3453.194827989127 3462.1873295515757 3403.820162107515
3430.598648721734 3455.6103761508693 3399.9139239080314
3424.4449885171393 3417.610179969451 3421.507468865044
3429.889391227255 3442.021442315144 3448.4446779387363
3454.007280034623 3432.9481769040262 3415.5269232883174
3416.43278821783 3440.3799106728075 3414.1879249997073
3422.5852200454524 3438.2373901069054 3417.822220800721
3446.4596012204174 3394.305652684145 3451.144408290023
3410.3407268314054 3404.7128480810507 3452.282291326302
3438.9204593293302 3406.2258964614966 3446.5074046798795
3438.860824412563 3435.428842090771 3448.312050545035
3447.935521557841 3460.7349769278617 3455.3185323275793
3439.0735937618024 3420.8733186039635 3439.4760792542793
3452.431435191721 3461.5717671338293 3418.2191989718567
3438.310628960856 3398.7450629911223 3401.0459756403234
3405.7919706822654 3396.0183846352415 3410.2474399058756
3398.0447251139635 3394.504101304119 3392.7803551724423
3454.0436694787327 3397.470422977544 3444.7083732169854
3390.642001243091 3396.0718529034707 3437.594653690258
3396.501371377815 3414.78401108333 3439.2476803181326
3388.345104811557 3443.3542665205314 3435.039028561569
3453.2542953862403 3425.3999748179426 3391.2550700016527
3461.4822996867333 3415.255868191902 3461.056762504624
3389.883601103171 3448.7148956967503 3399.8587853591594
3402.6022502116575 3426.044896944115 3435.77412106562
3399.8175283885557 3459.980988208272 3438.5743933593108
3404.8896792704854 3428.0754276349853 3451.054888292028
3436.246689017576 3434.887285336999 3395.9723606527177
3416.2457943527934 3406.175389439933 3430.306866873564
3405.2143272116764 3424.4921990213875 3455.949506081488
3403.740010612653 3433.02961617389 3392.6470638973365
3464.3910566143613 3407.6426678929415 3414.19590066892
3447.4814313569454 3429.396399925442 3395.680436533784
3441.2727541743216 3443.450984556434 3454.91677952811
3423.607533896318 3461.2391147481203 3454.282959597516
3447.2008588168865 3397.4697904164627 3456.215297482963
3405.9658575398867 3440.640774903865 3435.0953293939237
3404.764636557747 3427.6628466220327 3391.7489570137545
3399.2009707526977 3448.222505420117 3423.4963889320575
3392.6807056832354 3459.4996309481535 3456.80970193723
3464.8520888267117 3411.9426592662544 3394.9483751595876
3456.7881467344505 3414.9513538723722 3451.6925239515535
3403.6909161558074 3398.00199868277 3455.5006164740375
3447.1541258247717 3463.8154874508136 3398.044859752445
3430.856950207086 3432.9212166345287 3458.6788052945785
3405.011045791606 3434.522821632058 3394.8746803100494
3446.801817292667 3449.464267983056 3393.79735132034
3442.934153497713 3463.914087669044 3408.6147894393457
3427.33526574159 3444.4182660310858 3430.4486031636734
3454.090093127556 3415.5607361369207 3430.4212514878113
3449.22087265378 3400.222607311641 3407.6521383739346
3447.5967305534696 3435.7919674664618 3408.3319065019964
3450.093864579964 3453.872027393981 3446.1747128321317
3390.555689562663 3414.3458170853746 3451.2286366694548
3399.379519401009 3416.139280958841 3405.313517732058
3444.534812861016 3400.5039493281615 3413.5812672372995
3411.775418405272 3438.639915882963 3459.223657585894
3407.361151176779 3455.950655257262 3423.630850042475
3445.4731812630866 3420.3608765136682 3445.4733628592903
3453.375198676337 3432.0667361985425 3414.122817878563
3397.2855232764737 3398.411819842205 3401.375322635044
3430.150761034015 3462.5168158932497 3406.365531882633
3450.921546005047 3392.0184622925667 3413.7732816371145
3439.221367504089 3400.527417418451 3406.4561222728385
3433.454283520193 3463.7684265562434 3405.04913001577
3453.8220432852568 3413.6340723029075 3452.2896730319585
3459.1098966871423 3450.373993003496 3436.196145538753
3391.09294928787 3391.616046548573 3426.444120627804
3449.693129114508 3447.3741345342355 3402.939523034213
3460.609038277763 3432.468258982196 3458.422803394728
3433.56609653859 3463.42930861218 3390.5517652881254
3449.835871021071 3392.0961373048417 3438.2435105011327
3464.097010939152 3447.6947143039197 3441.2615204296917
3454.6876782587856 3424.421142350321 3435.960671686069
3416.398669261295 3444.923934210362 3439.2083095415605
3433.6481153812356 3397.4550943062177 3419.088189455157
3709.004669406897 3745.539149768016 3724.085589142995
3707.19578102764 3715.1755079528252 3733.1222244543937
3772.126514832833 3772.442564053786 3744.3395764542524
3768.475665855588 3766.5324126413548 3729.5448253354302
3768.9433132121235 3766.993032283057 3757.215453587211
3746.6152084222 3756.436977078094 3769.6693727926086
3750.3696166672116 3734.1725165497055 3720.915537693537
3707.8935140232697 3700.715499300232 3728.8733330458217
3712.270481920584 3724.6344076709297 3748.205737613788
3704.841691612502 3746.656325473684 3770.4575059326658
3769.9339589995366 3725.2242066229346 3723.5060641154532
3760.4233996107555 3766.946485479473 3718.9543628695915
3729.5932041623423 3762.756970727566 3763.5841298464147
3699.1390991464855 3715.3437281087595 3724.3007561058316
3698.380111951021 3720.21348282387 3718.913544482374
3698.086801853691 3710.103190759883 3751.8939863383566
3748.3405807442164 3770.9390601158757 3719.390403183048
3714.1945699469998 3717.8327954820343 3761.980276308665
3737.8239117350045 3706.3207103521695 3727.2873645663967
3747.512173744164 3763.583912140921 3699.362841576334
3732.6938152655634 3741.5786346259074 3705.2133407348088
3762.603774057757 3745.5622278593073 3703.5720986724073
3766.84643417682 3740.596838742173 3715.0086490060676
3733.896275206464 3765.963531009878 3736.7593011334175
3710.586215471715 3755.441674320884 3750.999671248866
3739.081213243129 3759.0592675082835 3746.686797644257
3712.136535508119 3734.4468816200238 3720.9841409382234
3771.4566635567057 3763.1436385783677 3764.1644856043335
3738.267891492558 3748.7798446086817 3734.075192090841
3752.610370332779 3739.5765430890447 3736.0494509460973
3696.856057956496 3765.206282984592 3752.6524450272077
3726.9304880911973 3754.459400192069 3721.4121877973676
3711.6156295906185 3745.9112386630586 3727.7713084296347
3741.0845612505996 3720.1118725485558 3760.7630542479706
3717.3820824545573 3742.299699037388 3749.3235093838744
3751.04477476278 3754.893259948224 3752.8842447620523
3734.682430129917 3730.1811167588976 3700.737594747284
3762.609213378388 3699.0760666298092 3731.1223949117943
3724.392964516279 3716.864699383946 3723.474056831747
3735.684578596347 3730.3040798906754 3747.2916594679696
3723.663869000889 3719.4982483356353 3712.7581035606668
3765.995297500364 3734.1416221971167 3709.9358663407857
3752.2675009960385 3723.433746563111 3731.7756185392495
3719.666080518515 3728.1083971349035 3768.731462856005
3770.1078829030885 3745.117079752539 3708.2189930344775
3702.0823327565026 3760.783071399088 3699.792452333402
3724.490675726114 3743.866382842746 3709.8134840694106
3743.361414769636 3742.2112785272643 3735.6291612081
3770.9933160356827 3734.737309908057 3715.522280192998
3739.3004389744597 3728.975860508939 3697.9690759931814
3704.5104967913308 3725.546086697513 3730.3316473669693
3710.252674181121 3730.2832828755404 3721.8849734920404
3726.817768883636 3700.01058147742 3732.971088054728
3747.034298614581 3757.578855446224 3759.0331141589095
3701.7905810728143 3740.943453761407 3718.0440032248644
3726.5514047331203 3754.4410515610803 3771.041454838518
3716.410151541345 3763.5427305070775 3760.105106791182
3752.849371881966 3713.1578317446383 3764.051203913864
3709.1105805927723 3728.01783069468 3701.6901615932325
3714.854855268966 3708.723993026883 3756.344982575521
3711.6696758901444 3756.3951796296665 3737.8653762261433
3747.5172472721374 3715.313278090275 3708.6136653343888
3716.6829109661394 3729.35544199413 3742.7745990863623
3739.2749190196987 3744.067709259269 3744.5655454042967
3751.524085342581 3757.5094190141685 3708.7124814155595
3698.2246765290283 3696.8085356976726 3749.5094273766094
3726.0499165186293 3702.235815994303 3714.006062607411
3743.9205060068507 3710.8930109529074 3721.9076429928555
3701.0556312672397 3722.602432745454 3748.8312031462447
3735.1578773113374 3737.5536380028902 3724.8050741179854
3718.511577794427 3719.13868953972 3760.9692162898964
3730.2190764862444 3717.604657508028 3729.7116555647085
3703.885261906189 3715.0725780359103 3729.7038839314187
3735.856112294665 3715.0016517762315 3741.6293489634318
3748.8586608160103 3732.557576921954 3700.7071481068833
3729.146199100238 3726.864942255918 3700.38532541643
