2.0283270712969674 16.807886201826854 14.431728115383047
112.08606772136102 91.34064509860985 107.36868579266047
15.89124063700428 110.7695474401298 11.311146968987453
139.57566715277116 99.27544543448795 84.02955735426285
102.49415907799434 64.2424760955055 70.35534713856865
25.913005245987968 115.08497018353256 34.80738835741252
51.81252990269264 54.68500885460943 33.04790055811294
53.28916100107272 139.04098540032265 141.37883687142187
49.708113228475874 71.67935610171732 112.1193277410578
20.516258280215023 61.36815981764624 141.59149877752213
75.60847535706642 94.71714019318142 48.16280697139855
13.213444317933861 130.29134761035317 93.18455233443677
23.37825659143528 75.36090798410613 86.07197903073023
136.09985042350644 29.578055627928904 37.889908059512145
37.529601820627 82.47850813231074 92.70497200631803
127.0580058749187 141.1019787095066 12.476568205285952
74.92703259899086 53.50489491334682 1.7148774358907324
26.346121421086192 75.14508457408694 105.60670733749801
53.87004118211305 17.233409339512658 103.8523639181741
38.92070914369504 16.60079095843531 21.62264420983319
76.44027334246664 87.09659420006072 24.852200589135958
98.01964578788565 19.480818750785303 2.860685110556872
79.78694466004464 93.7047089581445 90.33176916931446
119.13266743334863 135.77732811166155 40.19601044641931
81.02307346924492 29.211713611032422 99.76099630829648
77.17520979575067 93.34925962540026 89.09685155452247
98.80204618113211 10.931194345207455 120.7240594255132
127.81832729243246 38.3964455779562 63.54715148115238
51.5863676026781 77.00574505950519 111.06238668610634
81.47876076670646 6.231799147785644 58.90482040625854
2.852242726727684 49.35303953726079 47.97462288833116
34.80523456173088 56.80900280841448 137.26938269385235
0.6247439448103217 110.97653259472054 33.14503140986401
70.50641917100866 131.0901399691953 29.789243838146863
111.9855356572594 0.4534291379994303 110.41985907744413
87.20936176001713 31.049099550600786 138.03781366268012
46.59328049947124 63.86609573273985 9.310056451386071
126.6518590869391 23.35655864017824 101.50982780588737
99.51664369658491 0.3708408027914516 59.327970942451785
102.91604592694937 72.38665484069978 64.85158389544613
119.24563458606717 131.95622799440602 54.86834371903872
107.18980340306663 16.29803262215844 27.787459091774622
126.21069687290745 76.25870512668219 72.60937303915634
9.680094106256444 26.387083751457464 74.20787553493436
40.6477275833526 100.09034176562488 104.40815724603587
123.73804917638334 36.82375978585775 6.1972498566114895
52.9668038856274 45.49862036704367 133.8054057490005
40.24519285867071 104.3957155321852 138.96447495366232
33.9932818010409 68.49576674580281 76.88818564880683
18.12634566218064 105.07813122164428 15.514271773332787
68.02263668060223 126.43345003235301 142.5748630188008
63.518253343305815 36.74902865107077 73.4364629588596
64.30097326487461 7.242401467043117 142.45703889254673
55.571540819258765 49.71278279510386 61.51227262728404
7.282256911013384 129.50780779042395 126.27261759831464
135.61528195560084 22.527360661420165 75.45325591642944
100.14234524718145 91.38834996881029 137.5706737726332
37.755267020498486 39.49970027200602 1.1488726962460265
49.95236511722621 68.9916479276808 77.4244589293476
32.47754746058726 3.7679118702111163 131.50608248047226
2.1462177382023597 94.73635342983081 77.65151140253485
64.64478986401365 27.125743419790812 54.27262741182196
51.971297575194086 89.35447314073973 81.0195531791861
15.36670158738831 47.02043094718175 2.9723135541345824
32.8465205071673 59.5335922590166 111.08313210815155
52.995934336614255 139.86078417659687 110.25297469724036
124.26874234166526 86.742366799288 104.52665537151256
33.924712397397364 86.93079165966282 63.831220222941816
99.49835555153649 142.28925960205754 49.35486472449179
32.00435340774421 30.457435831513124 22.717862226929398
117.53286463486785 106.5398513980413 64.6979347233268
41.083025686689396 104.58572847194921 141.63629624440216
97.57598092388052 77.52643099392769 93.8646697477495
81.89433624636077 6.1552550223523985 45.92631348931133
106.73620032134815 111.68222421772475 46.4282509614256
62.75125946896849 137.39781175023705 42.52733129356201
23.852817547613235 80.08981572038087 6.276793951917515
135.01154028699005 92.11787842283076 60.27992559285808
86.56825548809819 9.413096180487802 19.85697498519213
140.80069276704668 29.376347608743135 36.0320978857664
89.64194534508907 130.64880445959122 125.72378101261732
91.60175809150766 49.87746854843823 67.23330596471222
99.24453153432462 35.68659617355801 61.17426923277092
37.482251914767986 8.844443721493784 82.12655978605169
115.27864471025815 136.00375129379898 11.755186719611016
133.58840486318311 84.03622674446021 25.037601423295687
112.45000035592099 14.721606767098228 91.97770015556563
5.763443556524192 14.329200131450467 13.236041685135097
32.876717034918244 132.1584253160342 9.780050449435539
87.1826235825664 3.549720402965954 118.53169539217132
32.51199958125796 115.31906235056127 36.18730935246244
80.0690704287613 94.95543099903622 60.6252376360896
0.48087039111714114 99.91644739779471 125.30593943782317
88.77527301242057 47.990123648484534 1.7825095907387336
28.888435391490624 69.81280240964564 62.373008806402666
14.036899126552234 108.37087483301258 58.25515448872106
107.81663289514864 82.39909698032 67.98099531807897
81.28777660049313 115.72968509574541 81.06985058474832
66.75537656035763 66.34842096223268 12.71816689621464
137.11043382241118 36.30586928158103 102.50958317515138
104.50155384558263 56.71349914680736 121.40954151244519
61.44155099813184 18.54284603470994 139.205247287136
29.465339428145143 71.10124326653097 83.40073288684881
4.146722182532147 71.07200842815624 139.57032366625265
24.18191987162398 123.57113226413638 122.89118445980392
34.65641606357374 18.68135654873161 13.11773604959137
65.73755436395152 19.43020845799495 40.028847572540116
82.05126638326702 54.047592059861685 46.683185757646655
80.68522437024508 8.542864544943235 22.959839978192395
43.15802787559907 107.5479331679971 128.5899067127764
121.91734497995398 87.48904613662204 116.25116585278487
117.94034169907103 23.01090262315981 125.46300403208012
94.88566677906647 97.78767793257512 117.24229224688165
21.52778991742284 92.14949029001554 100.57799553003345
61.631446497360244 113.08478150509475 120.3064215812343
85.0940796424404 34.52234725292816 48.82717972177028
93.02768409666245 88.6002172401255 16.161444529975288
55.54693569694171 96.83396798801961 136.5958346643261
107.82580726846267 132.10638909932692 56.94255038531809
21.343318542434144 127.05146050138522 81.87562520975371
40.61260465993604 111.56317354842416 116.43176666491497
0.8339267510841499 126.56952581355732 43.82464456300528
1.2373264593659958 141.23599166621622 92.3549355467012
102.55331338156181 81.18818547794835 108.80356647878436
132.84844254037225 3.41522896909933 76.42924267509248
110.69504262677187 42.609151464452495 110.62498856510283
112.87026082464865 29.11355247920966 21.119452284515692
91.72059200382823 95.45960610401929 109.125424955586
136.78671106571477 24.43168504715228 107.17779321039924
70.35399702189085 18.11985859477088 120.5047371122137
106.48278783675727 11.494244883962294 127.85033086617605
29.441996887041466 104.87509224500074 102.27325100343712
69.8426232199494 52.30293453800527 28.10063760056723
80.7898531773918 48.36487926630074 34.39692653793442
121.48274405530084 80.10256459940236 72.81316371999618
77.40648106597018 96.92534887728183 110.27321009925923
76.95565971432741 94.95817810211871 110.2048588535303
93.34987398747916 80.39731615193888 12.369715705750027
62.299630928368096 40.347862459249114 76.44337269323523
118.30468953100302 120.3807039148965 84.29697089044244
95.15425431291925 19.35171990032016 127.27438257999687
77.10767762922151 113.945608090855 6.3000799516427595
94.53568192056505 73.5353756978188 76.2929451979791
673.4587578986705 613.3899835994722 592.3848012303888
607.7464122558448 628.5883258149818 632.8584437259749
660.1825383825163 572.8795975435145 706.3453222510367
693.9621662603907 703.0276712910024 634.4632959578885
703.2613193836374 697.874488399246 664.5362484002444
584.5759439369326 688.9684845313126 714.6784833729594
594.6336156674156 598.0960830355506 591.9079415396203
593.8060581246444 689.3689464060124 661.1448650852591
683.5150580226375 682.3093357695699 692.2110549703766
645.583815906028 600.1684176443409 650.336212493816
592.8232414078898 607.1735423137209 676.9642588997117
690.8172269487735 655.5317462135678 689.9724987019522
592.6209446962349 576.2683820735629 608.6298431678435
704.8875626890177 712.0682864083744 659.6723467546834
595.9705653903526 574.0715178361738 709.2547320013662
678.2604469125397 662.6187778567196 626.3180339174481
596.7904728047731 689.9221850697464 679.4555479237852
652.4480423501784 585.0287197761857 632.2117445738678
660.2174242983563 599.336407802946 584.5836484157742
597.552310358144 647.8052447367451 704.5065030411483
634.8835584113056 579.8404707216199 578.7264687411431
612.7356322845201 695.7380889071953 611.4628386426024
576.2131088070438 639.2690169431376 667.8000003665675
586.6583922117197 684.4552773782958 690.1499583879084
576.3551735195749 642.7512306761325 614.6377513826036
623.3616668087867 653.7490489097781 648.1389526990685
677.5330605174092 597.8168229788262 597.6858643519682
636.9875463933438 582.0357574674845 636.6693260004506
636.8521575589332 603.528804870253 598.0570875369591
606.9305133195423 628.7719255952503 658.4560565425351
625.379577175453 572.1012028558154 619.2917649518719
579.439693673179 660.474418238444 648.4697017182324
578.9595187851363 702.6847296553365 603.5879527579006
591.4429262376143 685.7449334068164 651.7858823675751
700.0854116029954 643.5345729667021 660.9880595756174
629.6714886367959 588.7538288846729 671.4374397067982
700.9924357504364 605.1855733371005 646.5530412480721
604.1176301237175 641.5780619188006 636.9167877299824
645.1228066057672 666.8433170310175 703.1210163439209
613.5385664409356 686.7455677240678 662.1851678195272
667.3392655830432 697.3908512086435 603.6929379867316
593.8740059385995 607.1224717705504 650.7625607730012
656.4239951823702 667.5530482375984 669.3355438485931
708.5370375296973 690.1445481037711 576.709223144263
691.1056676409573 638.5476587683689 620.1876666464204
695.1552584277798 632.7943112525498 620.110197497288
697.3857810169029 623.8372698874712 699.8435810866889
665.4799700601907 704.1591734282945 695.7081871637993
622.8067343501131 605.4725016153828 684.3144398222324
701.614003495699 573.5114084374779 679.2943970205097
628.9651715858373 597.6787187598673 640.5168159807029
626.4350906078843 707.3178660119287 627.637750449016
600.1886922807212 711.1508183945555 673.4322198249297
637.0184142730155 701.8379838755951 659.5509416458677
611.0851859581386 687.1528532535382 626.5049668256233
594.5399312635575 651.0875165834071 693.3534287347883
589.7693563698032 624.0457732425584 624.6949434055282
703.9799693414705 668.6768459747456 696.1832518561235
575.620772515921 665.2187504793542 589.2323273639815
607.5946957682904 701.9554427955844 687.9642296712125
704.3526639612562 623.7593125194015 609.6692148595
666.4504953265056 646.682590358505 632.9391430492815
677.8049533303181 627.1764488243839 623.6439362439559
666.5470271250579 671.8410040024809 591.6180704198265
606.10874747027 690.8871364188033 582.5887903728881
644.7390750587228 610.3552373938835 610.9690160480054
685.0214850678001 698.2585946940983 694.440374450699
595.2620099538896 591.951385535018 694.8526392304468
691.2729627893659 656.7668333948671 599.6137987188899
683.8848059743344 577.4005109309104 673.9696377586135
630.8020069261523 686.234712902402 697.5236111592969
696.6415939896546 705.2588933576062 706.3063727326473
641.9136365554698 657.4294485075478 585.146746504039
625.3813065745269 645.7223538704075 692.3288127299069
598.4963475924626 654.675585645164 575.1013106522047
704.1985474973678 636.1190815712234 604.1698150729106
609.8970927373578 595.3104157116624 620.3091371971616
590.0458151674572 577.714887998127 674.189166543569
694.5299137040894 690.5881173856853 659.0704341826666
702.8221626590414 574.9037533628164 587.3099990896641
622.0548874019273 580.7270489105671 626.6113119946125
604.577783855975 686.6564262317484 655.8750492165719
646.724227349267 691.0251609455872 697.190282885771
599.5554327805913 672.9336018470648 578.1201741477272
675.0034587199984 609.8664256715739 673.801314226869
615.9622449839071 629.7308936509656 603.373098032254
654.3795983616662 642.4778987674581 686.6810275276639
602.5796395738603 682.6219137559433 612.0907861064214
690.61652947058 573.4615648723261 692.8962815624445
578.694874255058 712.4509567482427 674.6101336771158
591.438506996902 573.3238528163513 611.0907390878336
628.0410882173671 615.2263619689788 675.0444613337257
676.4128776004798 696.8908828304234 594.0094078513578
686.6852456566041 668.5005573415083 629.0835171765841
621.7386544008133 674.9243495696012 643.9311734057658
592.0280121590861 595.1480158931078 587.4139952684112
661.212158047584 590.384126619569 646.970523872012
612.2065492733105 675.5502883212024 595.690416997285
625.7090230299406 595.439117096117 642.3098820697743
678.0564175648009 599.1075362018363 575.8725385690698
711.6415049400407 661.9816887589461 688.2688558086674
612.3496037723947 667.4119580629664 584.4448745405449
659.9927448073961 653.5341324841785 593.8012220676707
654.9338216771977 628.383527300907 663.8229034412354
588.8694025942534 666.4453555839214 660.7747125801477
653.969246992762 594.6170738499931 633.2342185104537
593.4363124168372 673.2937112772498 691.3887224517621
621.8812833834509 609.0645049346178 658.4241799481556
670.123169376445 607.8052964709145 577.0200103637249
587.4908333900132 640.0133306871666 574.4456484999182
660.3004996062252 624.2533119216898 666.0577163657747
605.6478436809506 603.1195483506383 649.5594182720959
708.9263657084755 660.2524820806336 579.2789187015684
662.2283118127865 671.4959186026271 636.5067038073496
636.830803728733 607.8247426377908 623.3488905719562
662.4474845609716 645.6172290271692 696.1353680119967
684.0235486996112 592.7529519321696 581.5399853198146
651.3259647094716 578.6793780510841 707.4490444851012
663.5364947213965 611.5490214495212 587.0704005168126
581.4175388215966 579.378696861785 629.4162135965978
599.8447316402396 706.0412346541119 615.6439751755099
645.0230052673785 617.7057766607559 651.9697279255545
705.5979809523186 690.1988543440843 610.8795651438505
616.006409724068 607.0446675172749 632.5690971087816
654.7305581046028 592.3095104457346 646.4958590711489
614.157851369367 629.0331379721529 596.2077304800823
577.5402229857609 667.8338790821488 576.0996801986988
626.1674036702312 620.645348959528 674.1932327844073
706.9759999979519 628.1131329650001 621.671322513308
673.5365851114059 616.0473243812348 697.0567981345059
697.903984760589 714.2498743676462 585.2111956948687
625.5490169892918 664.0162341533023 575.4968018759809
701.8901254107619 675.7706469520308 635.6282990364654
642.8745638192063 677.759590985892 689.9603878114024
674.6820702440186 607.1984211657868 625.2414737455188
651.0861877768195 614.2058554086119 614.8017030392757
644.644745758345 590.6976528474659 661.2365836493143
588.5686281360357 596.59986303185 694.3562801697818
603.969570372367 672.8398990853276 629.3406412255604
631.731761911726 597.6470498338368 641.3997021839288
640.1378925185187 634.4496663301334 667.864092396068
708.5330064257935 600.5138428182199 705.0209273582159
707.3701550698318 669.2009192687176 705.9284743885732
1245.8534831100262 1166.6032310783457 1236.9972550656587
1161.544522792724 1211.1550500510773 1255.095503888141
1236.3988891922866 1284.645295825594 1247.676468137338
1165.1302599915484 1283.0752549571891 1275.811719952023
1161.4399788985515 1179.8008461972204 1270.4516222062082
1285.3406557471587 1163.9033320216515 1254.3434261524667
1205.99344605636 1177.4982064215098 1197.6543246398705
1160.0356199483294 1248.0583619785552 1159.5770873742595
1200.007502230682 1203.299871324071 1271.4048445145454
1200.2912077364444 1200.4702447431862 1192.790934537509
1260.1437365853958 1173.1152891206864 1230.5529098905772
1286.1518631485008 1247.8799429407113 1200.5234325176555
1177.0340184213744 1215.6294050637275 1250.9540681129172
1193.9272584320765 1253.9708605229955 1275.7251118107706
1261.3958077975085 1224.6459264474274 1211.4235918445918
1199.4774608083842 1236.7774987746132 1273.7756066971324
1219.2929570990807 1213.4315012194406 1199.6209465543186
1175.3199862130648 1174.0358485242582 1269.7001999706308
1285.4893069932075 1162.8145943962368 1163.1765766609929
1274.452171538754 1274.103232375349 1186.2405190255079
1232.258052407694 1209.038897262794 1167.2337905892791
1282.6861823806212 1208.4110994319658 1264.3606856716915
1261.184247493872 1284.9207067355428 1159.441068358166
1225.0038656035179 1209.8653126434638 1231.618185858557
1203.250421726668 1254.6216818002395 1229.6783776850698
1237.1839202519366 1186.531763915302 1214.558266872581
1210.168289837749 1199.8382193036189 1156.2225332889843
1204.2459926959464 1256.8751700868345 1267.647501787941
1178.7968053227369 1174.6534704161747 1248.4324208542494
1192.9929659400811 1235.0450740461283 1254.2332809852874
1241.5580541950492 1180.2483984236553 1284.4595414820153
1249.8315310035082 1169.236305693562 1211.6349248370966
1183.8311413204938 1284.2549420850235 1204.590963421408
1270.5918510286635 1173.0283703596285 1252.1280704374988
1255.4621718748904 1199.531834983832 1188.0501302622179
1157.8160909882172 1263.4570730202383 1236.3999208480511
1144.05591631008 1254.985038865134 1233.879200194699
1238.6859116599567 1248.4208163417204 1216.0185399237778
1277.0502449864086 1187.3492684124446 1171.6193854776802
1255.1165740599208 1268.6095317903823 1248.330716461817
1250.5297268478116 1185.8575714958106 1261.5938891353296
1278.2274483230497 1218.9346632767172 1170.532457690141
1195.9086497898602 1255.8519219006814 1253.2896507687447
1232.936711891101 1193.1448245561705 1211.6362491248606
1147.0926337637452 1257.2668870629434 1271.8478476082844
1195.1613593034403 1172.4660104912907 1282.0997228115455
1280.575659228699 1275.6271851200263 1165.2406687971888
1270.3192988268106 1211.4641181120796 1165.238040012439
1162.2017709257052 1197.1486799319441 1183.8268113381712
1248.840495336574 1257.7604968652718 1277.2633903226329
1254.497581468389 1185.8049824770987 1202.98033786854
1270.784721855275 1189.6722004127346 1275.8859837435446
1221.634327910474 1268.9348700817804 1279.63190643611
1261.2964222784092 1215.0499781603128 1183.609974880949
1175.2014194354897 1196.0739639871185 1278.0222876728146
1239.3385045179575 1263.762857673229 1242.1976221837851
1145.2768975512556 1185.2111247916646 1172.1957622016653
1213.2491686348817 1242.3531015962938 1162.717167143782
1193.1923403473484 1202.5760218562757 1163.5774897405538
1230.364145776261 1245.3550066139926 1190.45219190245
1165.0020619128197 1145.1004292975508 1194.758091264013
1208.574253889104 1175.2832953063182 1271.5599248477683
1165.086876823001 1223.4254692829106 1282.2730943730535
1243.007022869771 1144.5767760379078 1239.6757927527044
1196.943454701542 1250.2704526903653 1270.0353841496265
1195.8403992711817 1251.0444762897273 1247.5147909089837
1277.9570522394538 1260.249279622472 1265.5714633626278
1236.9987712978243 1250.2040811647557 1272.8375986915269
1185.7547770426147 1259.849428075969 1255.2887824688355
1258.6484008370733 1144.64174741918 1168.8771281163317
1211.6625246906183 1246.3104052116953 1203.9305374334506
1146.0702111867206 1228.8136211663373 1239.225280163918
1247.83079665565 1247.3146202334958 1186.0207289724797
1275.3653940958895 1153.0257124367597 1285.113790956104
1204.6171704305539 1263.301868424867 1190.8862390840345
1186.863418292604 1166.621813933399 1252.7547187920175
1266.3272334493847 1270.031240979979 1204.795125438238
1224.6809211225714 1195.2463865837851 1221.0967403123414
1171.7936354236751 1152.5115052359984 1214.7192511731616
1154.7616573661858 1245.9352506266903 1224.4920769986861
1234.0375843889294 1200.645931319611 1251.9675939762205
1233.4628441027533 1196.0654191856331 1274.277250294098
1242.9742177086007 1202.0828972083493 1171.591055862313
1144.3070588169242 1221.1063695871517 1268.7312085925698
1263.1571682535568 1185.1729912908404 1184.5044439906535
1169.7208197612977 1213.6260961526762 1262.8284157006524
1211.0080533301407 1282.4630981973771 1222.6601406919353
1235.5258700629206 1266.799628358866 1151.3329691108427
1239.6116948331944 1259.1083128951036 1247.908872584912
1212.6081886700076 1146.7324728315193 1277.5593245994853
1159.7298760963943 1178.8839379700246 1274.7732407454237
1272.022061737253 1284.0987811560992 1268.8458737642045
1228.406995004077 1273.1833263440315 1263.1875237219003
1281.521224940915 1235.7390129286634 1263.402048017855
1228.0557355505528 1209.5536795825667 1219.5467127797444
1213.6933270832085 1198.97620237907 1230.1120988256534
1227.2561667955665 1154.2751253087004 1265.6537734815936
1274.45980448762 1202.3632867863812 1219.6723634432155
1211.951618576973 1165.0854583927892 1151.0855965212704
1179.734808208751 1245.8832781862222 1198.0215799916916
1232.1016013364208 1278.3493452019281 1146.0274106215047
1283.1451846798295 1223.0405522472943 1177.1518069123827
1199.81254344108 1236.9203950941871 1163.846843716684
1252.4102298387056 1223.341451896545 1257.0462961914955
1165.0412452530938 1245.7108387765452 1202.2812396735528
1149.4395460386822 1200.0255067670155 1188.9782061050578
1239.5469722179423 1284.6132231193114 1227.6588488922325
1257.7262642376404 1176.19596039001 1155.2336405480953
1256.0451942347518 1174.6707536614967 1210.0619051053284
1173.335114518845 1208.413480320863 1190.5281133563392
1181.1950834423808 1153.7967000105202 1265.5800147795283
1211.621215471422 1205.4754172851328 1253.7764852114892
1281.827719922216 1193.0231822465748 1204.4145354275227
1187.134573265367 1278.9172162305294 1242.852589098699
1189.8887345812977 1244.7508801629033 1255.5741623038543
1150.4570340419048 1270.9664697449057 1246.2013672320013
1252.3114601157279 1150.2889390572698 1284.7126379105202
1245.802980785844 1158.8885497165181 1226.9034932946338
1149.7360664740806 1159.0654522527213 1203.0011752255577
1280.352135951265 1146.4825840670835 1159.851533106993
1149.0409720194618 1205.478106760794 1155.521017015565
1256.9345236903139 1152.1021417903041 1187.9549354116975
1156.2330373141897 1166.75600385479 1237.226872695407
1189.0467107002062 1214.8405788905116 1250.948928591513
1274.4900079442036 1270.131935402185 1165.668047182197
1277.1037504803098 1260.1786231629949 1201.7477279504892
1286.8366860210235 1150.9350847138692 1169.6608471307122
1280.6343140233353 1241.869768825136 1286.0966801060915
1277.0024222219974 1279.5648539600018 1245.040738408995
1147.9915148687564 1205.2265148997944 1202.9465940660484
1207.4838842931126 1237.7675148478447 1259.8686283105665
1198.6598576356 1208.1352682904503 1273.3551647834154
1173.1460915596483 1149.8916523671974 1263.1405570030342
1284.5906777878868 1208.6238897042492 1178.6193776172922
1224.876559947753 1228.6064459557456 1171.011440276291
1243.4272056912866 1186.9637818805115 1250.726120679308
1230.0012953608075 1249.7876932353574 1196.8340821192505
1271.0694695853076 1238.6428989672886 1264.6477283694067
1284.1371280082021 1273.054854311437 1193.0503218293209
1224.2102781937203 1241.1271385221878 1251.7663563767726
1165.9616413361323 1156.744279028242 1156.9574029765688
1255.5361679733346 1245.24850869701 1198.8191467229135
1188.5554795343992 1277.2930018829447 1229.75370169646
1761.9821214145124 1743.5825688244927 1805.9264108558534
1849.7939076628945 1771.0598248827873 1723.169263242013
1723.3225566227177 1770.9053462576076 1855.7748465720579
1736.1106302140383 1812.4570343911732 1741.4899877414502
1790.5640973902873 1813.2222967203172 1727.6698592583173
1851.9859291329558 1813.6110054675378 1770.7757777560907
1747.6664320250013 1800.2050467299257 1800.8105700048186
1839.0094003135735 1858.3896662123366 1826.559954859443
1785.5630517295876 1734.3480335367904 1793.4668354705307
1814.177408183951 1742.741136247497 1793.9631826451548
1844.066873741599 1751.360753457649 1854.6507253473642
1823.1343679763468 1846.2564965001932 1756.2030998871853
1776.4809621846273 1811.3865785744867 1758.479445941268
1801.7850742878366 1747.5209336324642 1854.3811629468094
1803.4047885543623 1773.3019800471088 1770.8818589829493
1842.200811233167 1764.5099151668853 1733.6373911922256
1724.9315474252444 1789.9294698071287 1748.855476921305
1795.194344041581 1840.854067002868 1852.4339255608259
1835.8287549457868 1833.7026541043147 1782.669714726937
1850.1864804115419 1774.7293619620787 1728.9397153423026
1717.7805315948806 1758.0180387023204 1796.7480608162248
1736.378477000156 1819.0718520474707 1837.2261459905646
1801.4973609559302 1834.3715932572895 1826.990297718563
1733.4887025697353 1807.9155655322545 1786.3636237808728
1829.2196269013805 1808.799718461952 1810.367341951736
1840.317510132808 1741.6863609043523 1795.5527771011834
1806.796256109369 1771.7533728787234 1848.0013138142765
1749.4136334806872 1819.6748050899853 1764.908176851121
1802.8074541779827 1850.7333638336231 1837.8309415324788
1819.7433105802697 1743.6354651160643 1731.1220137829378
1771.189066615583 1780.3473776420014 1771.358686058467
1850.342790956976 1739.9521930074166 1830.619306615258
1852.3261869636422 1818.1168032846424 1762.9835034373475
1793.7401393122545 1749.9761118038875 1782.1843803630384
1785.7333801267316 1823.8872111587834 1814.2736091370025
1733.495753491938 1766.207358443901 1854.2641074655412
1763.6890986558053 1719.3398713135537 1813.211256070156
1717.6564065494651 1760.3786883704015 1749.9909323725724
1746.7717913144859 1768.1427448616707 1725.4618061452218
1845.7878362852405 1800.7379105547948 1852.8429096097948
1842.7949768633573 1805.190694325222 1790.6423679991012
1828.32018285514 1734.5574322288944 1722.0077611147121
1719.2912804139864 1854.0525161600926 1743.9267979033207
1841.4885093465189 1768.380731277756 1834.8682299911409
1809.1117881987882 1752.3885643410129 1757.5705112058847
1719.8149891794558 1721.2734485787964 1806.7292077563504
1770.1529409878622 1785.5565046876739 1778.4880902598975
1770.548284953897 1835.131361239359 1785.4995385332488
1764.0954377784658 1792.976017793574 1730.6215831389095
1732.8621211901468 1747.4169929778443 1803.5416609708109
1855.8305514226604 1821.4116550623005 1842.3907865787041
1836.3190478018776 1798.985728590995 1846.1176643616477
1805.8757535630784 1747.583499794867 1827.796424236249
1856.1134949151942 1764.203794336092 1815.8105048356792
1723.3225702330328 1785.415700618866 1762.4910812500023
1828.4205490011884 1802.0179517046686 1815.4783450704056
1765.3833065845504 1739.6632143893403 1855.8362583552746
1750.0527983133513 1857.7235446809505 1729.858028088872
1782.2551848981097 1845.335538693624 1735.2847683624389
1789.612813387214 1808.4789860224705 1751.6055042423184
1759.7156976458411 1818.6064253466418 1807.2588475687853
1843.1018270867166 1767.701962477986 1799.409235379115
1775.848484050099 1842.4846466249205 1723.145046808573
1768.7015070098291 1723.0174955703033 1802.4399683456256
1846.497128612671 1799.676724445462 1725.6990632569348
1761.048910313538 1824.557660499893 1746.5034874486666
1759.2861970995232 1768.691862932187 1758.2588237476118
1804.6035842497577 1832.0468272280277 1776.3877387237326
1853.8586418579428 1824.8077299825666 1744.0067149011666
1730.548402144261 1759.013772705125 1771.0343245151819
1764.3307053971873 1785.2100532300701 1850.9482853924815
1855.8606527699606 1815.2573411107912 1746.0440249438684
1775.9673530427492 1766.3233688669561 1825.9130257965908
1759.4224496820227 1754.8466044898962 1808.2377532508337
1733.475757697899 1793.2703866521606 1745.6022667783488
1791.7434903928936 1758.8981824298348 1784.0470662198104
1799.4752110358577 1789.8759482576365 1828.8353834592801
1785.2238394053072 1797.4059476455611 1720.2095157924705
1764.6275069398662 1845.2982162244286 1790.3966614043236
1768.097563423558 1843.0254279250069 1857.1079994083057
1738.2334880754413 1733.6746379109989 1849.1580179467398
1730.342136147176 1836.948596623677 1756.3211808593128
1779.3567855033084 1805.088719924407 1720.3932390450436
1830.5749203389591 1727.208815742119 1733.442635799701
1801.1838615088352 1817.7109713977604 1723.9817606229165
1782.3125587410905 1729.7604960147253 1806.9796207136476
1804.3210635443834 1823.1494106881637 1822.1573309888283
1845.5379765281598 1786.3331643292347 1840.8688366595868
1737.9352312369608 1773.362052389211 1762.0768894964024
1816.8744737470313 1738.503558364312 1831.500532340772
1770.6412474045947 1732.6286410723385 1723.2950218616968
1844.2315242106877 1850.6304885038717 1754.512560680849
1838.5055201530465 1816.3383975298502 1777.023048792482
1842.0458552163648 1799.5352763311312 1732.7986055909826
1726.489014585113 1807.3904902707027 1831.0431715400616
1806.903972744682 1776.132957984768 1793.1285784921424
1765.5302958964003 1777.0402394447278 1723.2880042627394
1794.665852318891 1818.4367787518001 1805.2717905948273
1851.164680796385 1784.2189661687446 1810.9251689181199
1851.007056467728 1718.684001358791 1758.75662108239
1781.514190416825 1774.2303937464828 1830.106094032799
1764.9747865665813 1784.2667677199881 1837.0287179851646
1758.6701055140509 1759.2218535453217 1763.2432411455377
1809.781314686957 1772.552599865399 1773.8813304370458
1743.2050509547169 1805.5818848409217 1821.9355467730131
1850.1897509792286 1857.639599495991 1819.0619053493283
1723.137079429549 1732.2623069079582 1760.5977436350902
1837.9966327996344 1798.8276781494937 1751.7168681994349
1726.353476232754 1782.296367199003 1777.121112694596
1793.550789750324 1822.9581367057885 1771.7964475211356
1716.62148939381 1781.105106691775 1850.5320165797448
1769.6361451700268 1778.5154082832248 1792.9205281867557
1729.3555102430462 1818.0241074095777 1796.65584545234
1783.5020670369975 1835.3425764440105 1802.4931532359356
1730.2792474691444 1779.897274557698 1858.5110711356986
1788.1183961006693 1723.4701759293998 1823.1532426912622
1848.5592294478624 1822.0144668939126 1724.0707100888574
1803.0175392119936 1823.4042274701987 1850.5543888840964
1803.6493109792164 1828.0794464307296 1742.871171468291
1825.8873223188382 1841.0104410359104 1808.6700452477517
1793.8904421216548 1770.3370788936238 1806.200963155611
1820.4937405151225 1728.0731716964267 1791.7180766918018
1751.8899260446353 1731.2459249162591 1819.9502426634488
1758.6691835967458 1842.0507377661309 1842.3117685713664
1851.6839817601935 1750.1502428096467 1748.2284597382115
1717.0778476504101 1776.6612627498257 1785.7144966395297
1734.4099773954072 1843.4923210310867 1726.0546225364194
1735.4830185048447 1782.5414879184937 1853.4608680506885
1818.625544598943 1768.1442252866548 1742.438751403827
1842.651371609059 1742.3531473420007 1841.995644642394
1804.4525971180294 1767.6488972223788 1725.9384704609595
1846.841265629692 1827.9353511448865 1792.2165424430445
1735.3211775036739 1852.2145287509732 1819.6135158131349
1808.4009887805757 1847.2057356051719 1718.3003334616656
1754.70889598751 1835.103074689965 1828.5742061995068
1736.0924110655865 1776.422269204631 1755.5016742540329
1731.4196208541446 1739.388234380224 1778.090262707617
1808.1933024419804 1784.2366203160616 1820.780475655711
1810.2525547697944 1785.6092033636826 1732.419185867822
1783.4927964615708 1772.9094158905973 1761.3272478029414
1772.0615023401133 1799.4309057383598 1763.7008999502282
1737.4561958853687 1754.766626892258 1771.023091831487
1756.485955657551 1858.5854084454663 1755.1685546450187
2314.5791364322404 2398.9302700240373 2338.7429418672186
2296.311476805129 2398.419315710885 2406.858138695546
2319.4174578741404 2347.5521145609823 2395.2914772734407
2314.878727663158 2369.83812200709 2415.589171529536
2373.992348485798 2330.7620168838575 2413.0500903732154
2377.360843200143 2416.5558321003805 2428.4693570584413
2298.20242670505 2378.0390225126666 2297.0977042272607
2420.53696011418 2404.365117716933 2289.5590344419156
2374.3489231350813 2321.7176575237845 2298.228619540457
2396.725332158079 2396.032271395803 2368.578215564052
2337.6656163814228 2296.173291459247 2396.078449841977
2368.6280054072918 2409.4284069061337 2312.5181469943454
2426.460717281811 2340.7515952524777 2294.8009293944756
2316.5166227922527 2351.3186724243 2323.636319629871
2325.9352717804536 2328.3230297235873 2427.803822987927
2319.5937231947123 2368.0202409071744 2346.781198728973
2347.6080660631105 2410.1068093808312 2338.762950045744
2395.390182460932 2424.7766623980456 2359.0887144066246
2319.494610399082 2428.5888611363835 2291.26636554323
2423.3663186518884 2344.7383264468954 2385.781950913037
2399.1653074287483 2329.4791405918027 2313.0942506449546
2422.0763274932265 2354.755348445651 2393.659143969146
2307.300681419108 2349.1295024092674 2419.6034715595047
2310.71192040195 2345.4279375427027 2288.8329114505696
2348.284043967662 2366.8251359899596 2407.9469345018333
2337.6966705293703 2343.7517445477156 2385.432650175883
2341.150556374284 2423.431635145146 2289.0678585168343
2330.6987906618288 2360.4989397323825 2392.594092216042
2333.807667522694 2369.5183882075717 2318.210355523217
2394.333317556163 2300.8206449213767 2387.6041966194703
2382.7016144164404 2387.6126229257216 2334.181075969428
2337.105741163242 2427.947914657772 2429.264512960831
2320.7140471274233 2324.1495383240276 2325.1207440199305
2416.937057949636 2319.8504480606075 2364.347969642592
2422.346249951198 2306.88739727525 2383.894391557243
2421.484410323662 2291.007276827836 2319.532106739962
2412.4640010905987 2398.5708667336094 2352.505859455855
2291.5208836733996 2292.790025068949 2302.613298751891
2342.4135983065494 2354.010740890807 2407.1449640666683
2373.587178842574 2298.079390344499 2335.2684859372184
2298.9913890846974 2411.3392196891077 2420.194232440787
2403.194109206687 2381.607970968863 2305.1766074316447
2377.2416670839443 2391.256549608354 2290.772265819502
2329.951876117863 2345.9416243546975 2306.938240703289
2331.918550281372 2409.23044539967 2416.4202833715253
2336.6528586053482 2375.565047227504 2338.0769809475605
2411.5931749466663 2298.2999772961984 2428.9976169620954
2305.077668241712 2353.4004555139745 2395.4163717406223
2301.063394299781 2414.1481397620414 2312.8411739357493
2411.3092170657715 2289.7298008173793 2344.0807921547585
2394.352367292254 2318.9966220352685 2385.849811997982
2345.209716599574 2311.9383701303877 2293.6421567354987
2382.0415954283108 2398.0663346177985 2304.90584019885
2398.528518550303 2325.6681834866304 2417.350692416774
2428.2799498935383 2388.976427682606 2344.9729942417516
2320.5313568924003 2352.6964391622037 2408.4956695544956
2322.333519467533 2356.814182132935 2393.867567568205
2291.1143649283986 2313.653259594116 2316.2330276581492
2366.8506309659515 2399.2227542466912 2371.6691229416274
2317.423355752391 2375.3670433249276 2328.3591226031385
2381.1518624178057 2325.8415083590235 2420.544392106869
2423.5099157827576 2377.294055077229 2422.039408698091
2346.5362557991625 2397.2353099444017 2315.7392597676962
2416.2345817582213 2421.1571898139837 2314.577976152176
2327.2759206597098 2363.7677240436237 2356.7121403688498
2314.110642198262 2314.557121038407 2415.5426006017196
2399.2386809405516 2385.9964847976125 2373.6631272783775
2355.7659458182297 2358.995623499928 2342.469436800153
2392.8632516139446 2401.8589075044865 2360.697425317512
2307.6673379151107 2423.647685259293 2400.64722698591
2332.912504777432 2343.708983894716 2295.5548165499035
2296.431351257963 2333.992381077294 2402.9873747117467
2325.7545576019274 2337.992560417538 2371.7484142625917
2315.678415170472 2395.6708044566626 2412.9386446940925
2291.6190451887464 2332.6955341216876 2400.6489338686656
2383.5162825031894 2288.9148992228183 2321.668931469715
2293.78316318587 2323.321425181039 2301.540669222105
2343.6326881698124 2387.664710782707 2429.2263470363814
2340.310081591093 2292.2918085492565 2302.836641116054
2403.309680806533 2407.456703269144 2290.360806237992
2384.172092330241 2288.422963886982 2302.5008365824747
2372.8677133220317 2352.43907003948 2329.4454917805438
2344.0461109464086 2306.4245041895783 2417.311065576623
2370.646524934068 2403.7779423044485 2336.935156792698
2307.5486348209547 2426.794921386856 2349.5768149084965
2372.4488510752367 2373.932625184878 2402.073794644965
2293.9881244992275 2399.9492888963878 2418.1625652172656
2394.5558525019437 2387.886729918942 2406.5590037275842
2302.0820898688116 2294.2641680305323 2351.4255966162045
2345.983460936726 2348.3633043544637 2379.9081875759825
2326.970456819537 2389.7144582197593 2347.04979520371
2310.6781368284173 2326.3068580178638 2312.8793652311133
2305.738762089511 2336.92771756481 2316.9396337638154
2346.508564128962 2350.67068622214 2403.5385014331837
2386.6013820613875 2341.8311486584475 2359.0658214246787
2302.7000806940955 2365.9914252630606 2309.558609429317
2319.0035529199954 2321.265500872319 2371.755813597802
2328.803749874728 2290.5777205900904 2331.12434398177
2299.9554328480717 2376.003435176441 2401.244009044015
2366.171283806522 2358.5223372567016 2289.3206793521435
2307.849267077092 2389.1764808702314 2348.7362568771655
2307.0649608095796 2421.4193861996673 2326.3303118724743
2361.560783390235 2363.0297276716774 2381.7010254691754
2293.089584957517 2347.889843885344 2308.4359196243277
2406.0785584972264 2423.963668057505 2362.3549873093652
2374.463668683822 2377.362812326337 2354.947732512165
2360.6875292601844 2309.5268921775005 2328.0154349458076
2290.9435031538455 2406.3550088323063 2393.085932863323
2383.4803849562863 2295.754356984778 2418.074294661756
2356.0807382442504 2399.5021787888068 2342.6728599371568
2338.7509744118133 2370.690418180066 2377.2590848537952
2312.9406612265075 2386.8584269827065 2323.8655443275584
2429.8358973304985 2358.7775324983672 2415.0877547871173
2360.059128208377 2370.4574593481416 2346.7004769806827
2338.145490388223 2300.3221093717734 2395.285115908985
2393.3901381668065 2311.4436575076966 2382.7893940887507
2352.016929461131 2292.2792906730647 2362.2813632074563
2377.391434429954 2352.888029462286 2318.814437474955
2315.322967592849 2406.302505306131 2359.2173019536363
2326.206324436154 2372.648867509199 2317.628118041499
2306.62355572095 2332.627006593549 2309.8350292123278
2396.7374298122236 2399.026072396948 2403.882514217226
2329.8196644969516 2337.3764776937314 2311.5621213053896
2384.6739234319193 2381.4808522649064 2304.6565146233493
2338.4631050624757 2328.6431287625733 2327.0640007388197
2429.458442777109 2341.6853474811815 2292.996361318055
2303.4631077926074 2296.688193428032 2427.451942202316
2400.212783607347 2400.7618417528633 2335.2196836301177
2354.2698778200775 2380.2236765109737 2309.809480992788
2359.7140715807645 2373.267097351081 2330.6194842824148
2425.276836248827 2405.7434180102605 2351.4216884125003
2355.3823255497136 2371.1265031191483 2416.3711940155486
2422.9920577885587 2386.097982534085 2373.2205762465496
2303.4520031189427 2358.067043117563 2297.423710892047
2337.600764443376 2397.740703879706 2358.302536764831
2429.1724679260305 2378.580265112263 2343.984560874977
2362.1789449360886 2297.847628186829 2315.311346710206
2319.1605694490377 2416.4262307067665 2381.551299147577
2421.978751724687 2369.250095351668 2365.7176586538044
2428.074307632792 2356.033217321672 2413.9975379191555
2351.5427797474413 2291.4229446607965 2334.174244388863
2303.2239312290067 2405.006409868335 2361.982296235374
2343.3530732383783 2390.017727785096 2376.642239930868
2919.3754514484403 2953.565195626003 2946.762792240343
2873.547020710798 2942.7356481726697 2956.354181439593
2907.448858285505 2962.0319084842827 2917.12045505739
2892.7693193405717 2867.2213340587286 2988.168285944488
2985.2461510822477 2900.156064570343 2963.7193518147897
2948.5160092565384 2931.3425947298397 2999.4932675748223
2997.3361864563954 2969.9521465863236 2873.2850413592014
2996.2380568821063 2962.955987731872 2901.8630874540204
2959.2198715103164 2914.7548891044307 2867.689705912658
2983.452469293875 2939.0990597022105 2895.9658357173594
2909.328025419676 2918.046652905841 2931.4300491460954
2865.667092723447 3000.1435061087604 2867.019342409861
2951.9424216804523 2897.680336690783 2925.095527266199
2915.575420644599 2988.8987988170006 2869.1595350333973
2883.869035725256 2904.3022082391076 2922.5971233383775
2987.1435292412652 2906.1252690387946 2958.6379394361766
2886.725978577325 2930.177215583307 2998.6525335974734
2994.466686848329 2878.3101187390002 2919.2579707261584
2998.9703586484156 2874.429530284358 2960.9044933163573
2885.0369469933426 2924.2816657432036 2980.590555672925
2956.635029231449 2973.6468940372 2910.223938611322
2895.9868239372654 2906.7383083768354 2991.766794320879
2901.8473707549742 2917.0628221061515 2872.6709379302993
2973.7831086799342 2907.488690748558 2991.6041239237434
2918.75239937965 2930.196823058183 2964.073972544513
2963.1949000302407 2866.6632131730544 2867.3336423399683
2893.7200883661226 2903.922254479123 2950.2515201524434
2875.7498157146847 2895.611341869085 2941.836113983329
2954.2984044244595 2962.220954582882 2989.250118283489
2924.0032177554913 2895.3873927203863 2920.8249052068077
2948.397405436345 2924.227017745633 2881.7939738225705
2876.052679842535 2996.0759927181202 2961.814661385281
2956.0394894002807 2925.383291185554 2899.2205514224056
2987.90118274524 2950.1768869723196 2989.190139966682
2882.5700548138634 2913.0889670306424 2886.0142791059884
2898.3191814339752 2914.5898168755025 2943.1860626733273
2971.4104871173413 2967.6060234372567 2904.9768275289152
2989.9311744096617 2946.0060572153434 2985.096168358121
2862.223740612559 2897.5504209593223 2991.6868837833363
2993.991486341399 3002.3763853162086 2945.9951790379564
2973.5300145572082 2982.1798545953548 2983.9667422762923
3000.84908528147 2980.8847478833945 2899.6505801163485
2965.0548716298217 2860.411551125591 2915.6475182676136
3001.592425642349 2941.6216916344274 2861.8109757619536
2893.377261227109 2890.327182570529 2984.2330012130687
2967.706590977463 2871.5183760183127 2998.764550394643
2936.023418099087 2938.235732827934 2909.5792912407674
2956.5242176113093 2867.653952205341 2928.897075462386
2960.9419770902473 2981.3334180341744 2912.0177955574454
2956.9239256116707 2961.950879353177 2890.9885145036465
2957.673555255201 2972.6271417776584 2925.141117299775
2903.945389596342 2916.684552976498 2989.2715181860876
2939.79789812678 2890.6539357544675 2938.533957700427
2977.2222876373203 2917.577978628152 2964.8859719798133
2928.6386484077243 2979.1751479844083 2950.9104561774907
2992.561690933294 2880.1074591239776 2923.0777763381802
2883.261405336765 2974.8267909772358 2862.0120845859633
2918.16020298602 2894.672669413934 2881.0413127171432
2874.729245657586 2876.3650351835267 2956.8225592847893
2967.3499861720647 2994.929686452342 2889.345429154067
2954.4974188508986 2902.076312551431 2963.0192379387267
2973.182538039075 2935.0005424360534 2884.736389723521
2990.9924059567243 2899.850457191803 2966.076626334828
2907.89963117964 2973.9828463713825 2940.554495227307
2963.1259247546236 2945.0127563126116 3002.8169156094104
2925.8772465204042 2930.7710590445013 2869.0484045828343
2891.203296512629 2946.6029216378765 2872.181582203639
2896.9399932005786 2865.9219602273174 2902.9710262487592
2968.176761956167 2898.982828552281 2948.9474594395106
2944.3007770694767 2985.15246796623 2989.642264211874
2952.7216473551907 2962.177920776658 2868.711211207721
2976.7716169068303 2913.367434889001 2966.687206671006
2939.409436699142 2969.084473590978 2891.5541591432625
2974.877132137738 2934.922186165331 2861.0228802953384
2902.4167323871106 2897.76111222988 2941.741834708555
2987.6008580207445 2975.7474476034276 2918.2626388498
2923.5467964213444 2987.4677951929593 2896.6651297752587
2995.865462303578 2909.3425115501886 2904.463695221312
2881.8497478459476 2957.9234672422344 2961.6581945008447
2868.8093846052716 2913.4811016285207 2894.9658755534347
2933.3487272705543 2988.7000169944945 2860.0684609113623
2947.333849384948 2973.5961614271237 2930.888233109808
2953.5252986269593 2966.8515819277713 2913.2815833361356
2913.6877945582205 2887.4599122914733 2932.4107472240626
2935.597986208978 2976.035126043257 2943.4993256411353
2877.9449774217887 2976.7245514000606 2916.1548809890205
2917.9924037791384 2938.501487830693 2937.3539481570315
2915.5934351205124 2910.9214751315226 2989.346680859683
3001.3607094635145 2908.619960172571 2879.1557611289068
2926.078616403739 2870.4135349119865 2869.034957938008
2890.2450371510686 2996.423516825038 2907.378464846323
2864.136842140233 2964.8262163579598 2866.9038358402354
2862.092466798327 2926.0506767563375 2991.229145990266
2926.7736157168492 2864.903001905472 2936.507856399054
2894.3258247304034 2975.6294596903226 2951.530252345182
2928.7660997244725 2994.439176487669 2926.266830377489
2866.3547271293974 2905.329513654121 2880.922461252242
2948.9345260943846 2935.2527903960413 2932.789109737356
2861.522910583349 2946.4289341333492 2909.4637266948052
2903.3941152427255 2957.787076060905 2969.1373343082
2975.632560074472 2931.9550691381864 2976.9801258770813
2903.3097089875027 2887.9996143048406 2885.065919662384
2907.380299849413 2891.918502161147 2985.543820014605
2872.301500894129 2901.8219943185386 3001.947871871496
3000.025703650778 2915.8230356428735 2983.6602154337425
2981.114135421546 2979.283606151135 3001.5284327510976
2929.4477607805675 2916.8465946811984 2874.4261566649884
2978.8669735366243 2914.9050076182807 2922.083469166403
2864.030321273415 2896.327327717711 2954.5512578219514
2944.65197203189 2909.6722818362578 2922.613710278904
2972.2108152314386 2979.543740478137 2905.2255036196702
2875.9913228125806 2962.1935933580016 2914.3875671347346
2988.658442507532 2909.4759206377844 2874.446321032729
2887.1365575044742 2918.0861540896376 2919.5657484182916
2914.1737428557276 2928.868449854778 2956.933082026832
2861.2685970641214 2988.5910901329967 2956.7145948911366
2884.2607597836054 2927.6764843927212 2868.649857668616
2862.1419422854656 2961.5606006520056 2937.0096469983528
2982.423651051811 2912.4245343526704 2970.304033187758
2891.388546191079 3000.6125171317344 2861.9201009447293
2950.3926256339946 2934.336972755036 2963.1116377712165
2961.4747677100913 2952.3090383341946 2949.797236293855
2928.4629481927104 2894.7003123356612 2988.3921475801467
2867.5288602731403 2888.3657603449687 2937.7529569263766
2995.2134778185696 2994.8640686560016 2920.8608194619464
2903.0661574903756 2897.649671592082 2945.2005768050176
2938.495369959173 2982.1611123462467 2861.4953399340684
2957.2251308447794 2871.7158537131727 2907.5980323523536
2897.826733724371 2990.927872813378 2877.0396008720672
2972.498025907463 2930.006269240971 2965.775198747837
2873.9435176934967 2861.4826626674076 2882.2859105165862
2950.5852883675657 2917.4201438195832 2862.5473934606293
2943.154866391595 2957.301341667186 2921.3061266854697
2868.1561531551124 2969.5107878579333 2996.837340886571
2892.5942448201936 2892.229802998714 2894.3343264655364
2976.6755293954925 2999.009619142914 2916.1078722119796
2884.5576570715275 2880.5667778773154 2862.326269400557
2908.6748846533433 2941.271300362595 3000.3446895832258
3000.3559101726732 2926.4652254051493 2993.9780990633676
2984.9310916492077 2882.648638669377 2963.8512432651683
3002.0901805588046 2943.8098905810953 2952.10706282102
2969.8327471286975 2894.646819696829 2976.821360425065
2878.369956227196 2960.6609546849263 2998.276241907872
3559.455255691081 3555.4777299625334 3472.1715796742938
3440.2987508119054 3514.4223750979154 3536.684123304004
3453.8159519020614 3572.173442788603 3460.6689240851642
3524.934751081151 3451.62123576842 3447.665089047489
3557.631627389178 3520.051217208371 3557.0618163200547
3531.2346935608743 3434.394185528003 3508.5969701661206
3533.425999883699 3434.3048900799577 3567.6595611187304
3483.892961108327 3523.439914766198 3465.489704770427
3517.011267730748 3445.1422861039673 3461.459675957598
3522.638850442296 3508.7856577370158 3560.3046506226365
3541.9132628557886 3525.468786989711 3437.562179944274
3549.7338099941426 3512.1363281503254 3447.796635459226
3559.977882952047 3534.5681182438284 3515.1268632718034
3510.869979761058 3479.575876824125 3551.3567148394072
3462.8625276030775 3498.0719008618494 3503.827381783844
3487.1200349632463 3443.628896852404 3437.70836583068
3571.465793915642 3456.744157851473 3480.9219252378693
3440.4371137415733 3539.2596114907515 3564.5510360374064
3458.8250563484303 3479.1374792618744 3458.218604272298
3566.9576066195 3433.69230096806 3466.1205966451435
3432.261773952856 3439.9575846354405 3551.69281082519
3436.81896852258 3539.9004900472537 3489.3851842576332
3563.5766065718094 3447.7981969068537 3514.7218939717277
3547.55271662192 3481.054570499869 3482.8896864019785
3563.4250992094508 3459.506461072472 3510.793842251153
3495.827617709571 3450.8596090945844 3451.282439666971
3432.659030799088 3467.459179065515 3509.209781888918
3461.5959292044104 3524.97006811068 3541.7101138024072
3558.5118759088045 3468.0573224974873 3532.537115085638
3449.029996683572 3567.2060234580294 3458.424203766599
3574.52183188019 3544.6321106580413 3434.3353774190714
3452.1813981405253 3553.6168851155444 3519.7089762832893
3535.0642766014807 3457.961346210936 3445.8776499329824
3545.302579239269 3456.714103066753 3483.987503953362
3441.8866031693933 3549.0123508193424 3570.6943068595874
3473.1984363256183 3496.107947487225 3513.4954576276027
3436.0574681184876 3545.7133322827085 3456.3413507419896
3574.615908614631 3446.2890089401612 3566.4484709012327
3573.72665766172 3463.737979097357 3504.4593730114616
3566.6148687177283 3499.01189396171 3569.885429217302
3463.014635237838 3509.8351105023967 3560.87664713499
3573.6453380662283 3505.908248619687 3525.8239645289896
3436.3170764352963 3471.2059914537085 3443.906747876403
3468.0548710800913 3565.9526545351027 3498.522886369738
3572.0981331689163 3457.671113391263 3562.2211194572346
3479.7988937636055 3551.149007016221 3530.9906127526206
3519.3558502028404 3493.254675316885 3433.06389023817
3456.5608681319522 3565.660445805173 3481.99365552068
3462.152051932501 3541.644396932698 3570.8812968277543
3464.0098604286327 3555.0107557119486 3535.4724127762415
3542.9848028240667 3449.11118672837 3458.922202727891
3496.2559463719235 3496.4995847847294 3508.1155765660974
3495.483746576722 3532.5275333037953 3437.85720390999
3473.707137173359 3465.194642867738 3441.076085481238
3475.7360606083466 3439.0481886692537 3532.8451604110905
3544.935833680799 3459.9942204151125 3493.5691972346294
3516.436499308331 3543.155588833743 3549.2031144869093
3456.658673930124 3439.3389417108947 3511.854227128638
3487.7291819860648 3555.157577795836 3468.823431050241
3472.71007739527 3488.1236863746735 3487.3322210273723
3485.8919391622285 3528.8074116821094 3510.3933481809454
3455.429464394471 3455.515200689328 3548.9837593692578
3433.4037212957755 3437.2813250060553 3447.6376285386573
3436.9427544871346 3539.5488142022423 3566.315106568405
3439.353455458167 3564.175739044398 3554.468525702535
3450.3490238198733 3495.924853161584 3562.696100887522
3567.2719748224567 3543.986787539874 3468.2712054920567
3482.4213729819294 3501.780638338387 3520.1618825176583
3527.5138981140203 3498.841126912115 3572.798618405286
3480.564592459763 3556.180421660415 3507.0955789315617
3573.860584519434 3527.118518785048 3543.663092966815
3457.2285991187823 3572.17382551097 3570.9401771227435
3522.314469084956 3554.4197450716183 3480.1558827963268
3438.7823162303625 3502.2120512701813 3444.822665780448
3514.303587864903 3549.235964163344 3486.2184481177446
3508.730298682138 3459.0126955181668 3523.681863441648
3551.9812489232418 3551.354009398966 3476.9437186415366
3521.4036270499882 3520.802049324288 3544.976680242213
3526.3416530513396 3525.9393636934533 3482.1705621880847
3488.148747095166 3458.8301306602852 3486.9273633730077
3506.0832804647075 3507.915997966722 3510.7927712905066
3433.23127014453 3458.6875699695465 3556.129779654415
3534.1880959314876 3515.9304298674124 3436.0741023044375
3453.632013530419 3568.6968877238555 3570.9653388393162
3441.355862194157 3555.618060846617 3452.2318085495294
3498.847335994206 3523.1881778668344 3503.9248893909976
3512.0246237857036 3478.2801538152726 3448.6160411087103
3467.083741589572 3453.5636766682023 3570.962144338137
3476.0031062080966 3524.6830632322353 3562.9219063010023
3461.5822368520307 3520.0623387904684 3546.5859589953598
3484.766147522195 3453.4952103027977 3573.564701517946
3453.4975030183437 3538.7858424415567 3447.434969163667
3517.6578264072095 3481.1856948569625 3555.194088744217
3509.165472706777 3566.0280615840784 3479.1201227867973
3484.6538468030085 3549.041418451201 3474.4623461384585
3477.6360252134327 3488.8081888682163 3474.7653908978027
3544.4882277946467 3451.547189335603 3507.364284557074
3517.890879487192 3501.910387602231 3565.2861485085873
3554.159363167679 3547.0587684669476 3515.2286673942726
3494.4930820233076 3485.165677366889 3440.4819776630807
3567.1226825879403 3456.388621335853 3555.3537559625915
3570.6661122499913 3521.5152820186104 3539.2071359743445
3438.624984317644 3557.1243431315647 3489.6698787088108
3436.746833534031 3511.902755563136 3503.3978211704894
3481.3734573035545 3481.3916490776987 3544.544772667321
3485.729165695317 3569.5247188039107 3454.8242596007212
3507.1268111728214 3482.1161988091976 3521.3140283121943
3524.175994110857 3461.684529085573 3446.6521681970457
3572.249969427313 3480.2572382341964 3462.3660281844996
3535.4271764079404 3543.3068181927156 3544.006929707003
3476.022085096977 3553.3344548083937 3569.386845282452
3478.601023721346 3466.1167762500872 3565.050010973052
3449.0046427262773 3540.054782524093 3561.4726353224546
3474.0053504055154 3567.387882029087 3523.5772056097244
3469.887457446662 3572.109982943682 3512.467489073848
3488.666681909937 3536.494599595708 3563.8750768267073
3432.1912087198916 3517.502025511247 3476.031175982835
3443.0936300711996 3528.359257093 3450.982227614711
3477.2437938086487 3478.74450603874 3511.6928796629236
3452.503234320117 3561.1192625669896 3488.3730052596147
3446.4861776903886 3551.244734086443 3520.94565655181
3458.8147544127805 3548.364798896546 3447.2786084234867
3451.7775650756507 3515.2118162539145 3459.672282228245
3434.423059999694 3571.1131399487786 3558.6594638033735
3469.19379961802 3511.868620279682 3443.189876928298
3465.6288189424854 3542.940963426078 3500.2879378632056
3433.7121633425763 3478.5138270509597 3544.58799749108
3523.3654227148863 3443.4102029621945 3505.117973551191
3511.48304060896 3523.011179864911 3487.163277529998
3460.394167990674 3536.3689479693617 3564.234035658842
3510.203434116312 3465.0784645967233 3572.2612593433037
3482.8378522056223 3478.165029090002 3457.2027768900707
3539.706615667257 3514.5320467274496 3440.3091914811503
3464.146576293841 3495.1386245907966 3476.9071013763914
3540.9038120691225 3540.364560903129 3479.1555694038875
3525.2187719192034 3449.8753321496797 3506.292067973858
3574.892706748728 3565.5877690861403 3453.7365256926105
3532.9174663649615 3433.924714611159 3500.4676269328875
3445.3531591198057 3480.9709743723997 3461.4727910132374
3434.801639967009 3437.666901431844 3554.1592334544434
3435.4933572176305 3559.7729317951207 3526.868991252603
3526.8186816333955 3545.6398211057585 3461.808710267703
