2.5517491303296533 14.952454766601706 7.634508552950197 
8.315077441893848 36.005191452308374 22.757051321308087 
14.044340952852453 25.83528200261326 2.5717910018118055 
29.22258264720172 29.94604108904592 28.120486132949765 
30.115843294006723 32.79715507047898 11.37553918235205 
36.336617345250126 8.991321510021509 20.670059005561413 
25.877225920814503 16.843920559212556 30.865030994628178 
19.285740799495134 7.390321855954305 18.824944899777527 
23.81218902813538 29.423135334935758 8.183022863817946 
20.83343235161263 28.755545662284664 12.80805789747766 
7.220167083950676 22.999898308015737 37.92752790546907 
34.949090798089486 19.25174063414535 15.685992218559088 
33.80737140837957 35.61244777617681 8.11288338420817 
18.999918707228268 1.9250806454267768 18.226864288091047 
27.69118704935772 15.535702738304158 30.991668836501393 
17.707447400924607 15.620354491563331 16.906605921001297 
15.124873516501873 13.221828934741499 32.07437159207658 
4.641780016919586 28.12166748904402 5.143999607445168 
13.58845314517924 15.731222800615669 13.998915025624454 
6.795547200751644 4.924965606087019 23.719050685258225 
6.163012295733578 37.038495484092536 36.97141349623843 
11.422077830993441 11.599845651127959 22.429946828157423 
7.49937099723113 21.174307164509923 14.614905880473527 
15.080531313909173 17.39533207067087 34.68692667145152 
16.011269114916402 11.215377306778645 6.869014150911994 
16.177495787162513 12.021110278359068 1.8159778487408975 
23.47269656096393 21.35539168495796 22.793625925185385 
2.276205668208627 30.097992279065263 28.41219877151862 
6.770012291791055 19.215741835156503 28.30569103080926 
4.438065431843615 36.504566996657026 17.303751099964877 
28.49892344498823 14.994830215490818 23.107740997456066 
6.068644515691528 6.996506453620813 23.246992656285933 
1.1565768317232399 27.113921560580444 0.6959350305538912 
24.706361344122158 37.426066739399154 15.987201650394372 
35.31341433781869 16.67340070582891 37.24508333436105 
33.98133271962918 25.46408498970605 28.904192972280512 
22.623412788102748 4.659412120360505 30.48455922391597 
25.380215876553937 8.290495095403482 5.645598330405752 
109.90599773967381 106.95847444886178 83.53722950932307 
105.49975166193526 78.60856947189762 77.37083652558064 
106.53204552101153 113.36175656012334 96.62847635117072 
77.82688400344182 96.96704066316548 85.52805281724353 
93.36757249742843 93.22088883947966 102.54468504218151 
98.68592086488465 108.83421103770488 109.59320985435228 
80.05517732596083 84.00920814347145 104.07028210760865 
99.35909513755742 104.12358139479849 78.43326901789834 
108.71742728115518 93.66031047855384 99.93733929900132 
113.66741645045671 100.60565206597128 105.00194096114917 
106.49201157148376 113.58075368045883 111.71523795612539 
85.52933065352843 106.03202748525005 109.38699495882689 
105.4274710700349 97.0648567775095 96.17522234067236 
110.2069272824933 82.84123889975646 102.97790304009925 
112.07305102022255 78.31203397804607 99.4844310062346 
101.77975890760708 101.382790702032 82.01844614817624 
95.47713234443076 102.52900772450529 95.73610774086595 
111.25413621683751 83.44028033772751 110.75200424550566 
107.1086188167509 97.20690727349138 103.86025755533704 
99.53416497997848 87.6082967584301 108.29701147377372 
77.4845418299783 78.8726726750493 108.41907117867092 
87.24186688914595 82.08938138412618 103.59653392014226 
93.48927135912363 82.3995087555121 88.00934853826915 
108.77312420904079 81.6817349425325 102.64945494287178 
110.91381172384713 111.40973760868513 99.30558429713004 
112.73349890644919 99.59858731893297 91.46467362657228 
90.5985099026277 83.46709819727509 77.71193146740158 
98.14942718432917 87.07724713076331 110.3350868925871 
78.00249809506786 82.28266379699437 108.90823834164473 
91.30226561393188 105.66687016978437 96.78036523242882 
100.20554200350128 81.11175748289445 89.4066101507953 
92.67940580318157 105.47968290438763 103.03544320337822 
109.79339737874324 109.52722923166496 77.42421322168383 
76.02650690881607 94.94383999169445 100.13949056915786 
90.41808762916203 95.33281719861063 94.85537212255709 
93.66255866671239 101.33710441298547 79.69336247981829 
113.552972566205 77.17265987976644 76.56674999967679 
97.85779844690859 88.84741342978893 104.49144249281305 
159.4344552389741 158.316632979993 157.52916308657487 
169.93443872458238 152.93450869250998 169.7439921906457 
163.13598568674698 184.63318617768516 188.24668746662047 
187.68817680540576 165.68368939133157 170.40550466534467 
180.5377133192115 159.5349475418759 186.2606362160766 
164.2375140053536 159.69363336903956 154.31442430618577 
189.7176793704616 173.32481441301232 164.87483284204143 
180.6340502956613 157.85570519558243 162.2326533499029 
164.62802782970405 163.0351226386198 170.64984964712093 
163.18828126607815 184.02361999310094 162.48368748361187 
189.32404669568137 171.5290790654046 157.05636452761354 
180.83977178958102 165.0896991310363 169.76886625037412 
162.2206312547945 155.22924035333932 169.24128839172639 
159.42979376915196 189.99736049614972 180.242355938189 
167.37187274290702 185.04735141318807 167.50327337980326 
158.64893231148744 167.92720622248115 182.50451900998306 
156.33672279383998 159.0165625711015 159.0692797199026 
185.09836295132985 173.99685807793142 171.49817143581464 
177.9215174154247 175.5633250783418 187.53409229489117 
157.74596948532965 180.46781997314162 186.27016961888464 
172.00864912679268 167.14066489286526 181.39708825428073 
166.81557206751475 159.2462863009815 166.85584686918114 
175.3883268147927 174.2969875514063 158.364399981252 
165.96561055978148 164.3815233240066 170.30332598261035 
159.50269330922913 176.5283070494902 159.38952140361107 
153.14847382765075 180.0942227445477 164.28727960321916 
175.7428640144324 166.16710967261653 160.3335685980456 
182.43503235768551 170.9587089682725 163.0214104591183 
154.82980101597923 179.12885814131292 163.05797671806698 
154.50905935775134 159.14300285030612 154.27815771403675 
174.08900656410728 161.18059199184856 171.24732642371671 
165.68701295724506 189.66975785205818 189.65299597575196 
153.86454401480222 154.9447091627804 176.4401546353992 
178.61066582209529 153.68661936023224 174.45901856935694 
165.94197106944156 165.80557557571493 164.91123780190688 
178.740650703935 185.62099331211635 170.06028042907366 
162.54437888270778 181.119328859425 154.47256324895747 
152.31061225915892 181.14480123573128 167.92970833576143 
264.28579366402965 241.04463916039364 246.51301253765652 
238.18252396556727 247.08833361585687 228.7028093324208 
258.65084826253303 234.52669239690056 261.4234688030088 
248.02651436219946 233.9705165791243 237.5820203806931 
230.82454921959112 248.6315429495232 261.68513462061804 
247.88007790750768 238.88813953536504 262.774006120258 
262.36023009291364 230.0744016683423 238.72331494755218 
248.26062994369755 233.9289851356603 264.2845766741411 
241.76589859352407 251.1875204062597 265.12209705797943 
228.56691195861006 237.2808152123564 235.2866522534086 
242.83692770823782 263.76028202299386 248.9721525541637 
256.48668262294296 254.3756392705016 265.76618757883483 
245.46765043859455 251.0981692287345 249.90261992054073 
254.1465556621045 256.33626553476194 263.6815742036579 
247.22398469962752 232.0805561906433 245.57384110226388 
245.02588509558785 259.700653618502 263.18585365535375 
250.99754977993382 231.59505852754123 235.85753835417904 
246.03180860336738 253.73936951346866 244.4971036862765 
239.07554605601527 232.44285178213423 247.0883703791678 
233.8270123736828 245.53796310428297 228.05172706905546 
242.47931757465383 255.7031520156607 257.42887232566306 
239.02308141696497 259.01250607347924 264.3172896855059 
255.72449171673227 243.4053347384822 231.97027940864606 
249.371333451204 240.33016731375287 255.17411237919566 
246.72329842748474 229.64109566173357 253.12502987989848 
255.74878614883963 246.5003330934894 246.13298430826558 
250.95102303824964 264.89057575973163 264.72175410142637 
258.83705389314474 263.1623908449703 237.2016795615372 
265.7164620348455 256.29985038979123 265.2261150049799 
263.17547036832593 259.6855326597372 258.659404995714 
260.63821809602325 256.2908919935276 254.81380195384386 
239.42131484000922 235.45307613642632 228.4333607609488 
245.27604492787566 253.16255331319 256.014366932024 
251.61951725134827 250.26470332146664 262.1056773807486 
247.39710155138485 254.75378838696378 240.48345799143308 
231.9923199932512 251.67693050744174 233.4414304200764 
260.86111640249135 230.59934727312498 232.840386193153 
231.22365172151572 234.02050034206871 256.9421831389167 
331.6388730305398 338.726976975361 339.0591457154824 
307.99324587065956 330.3828532765837 312.9503930201643 
320.59995577078456 317.81022020259246 320.8361004577973 
316.9450392972003 328.0371837763898 336.5754961079731 
308.29333772415225 316.23125944049843 305.7003471802628 
323.97022547655706 341.6228345488135 329.0310631339031 
326.06505172238104 318.6170677632166 306.65137208801633 
311.8465117023153 339.07343938697437 308.71915444302357 
311.7110055332609 314.1649398429973 323.4074473822641 
328.7493648807942 315.1751362817276 308.15138303934725 
321.2549814256105 334.4302741380277 313.72703891550213 
325.6618947328307 329.44801903964225 323.72009239802713 
333.7194636804913 329.2793775091715 331.85492642195965 
321.51647418047776 305.55941094417074 312.39571446800164 
331.4280301623514 313.66960275064105 329.6425776759507 
316.2056902956192 310.0031464174109 307.19919431612095 
320.0834134253084 320.59415062895596 320.2193889460788 
334.32477616086373 330.4939460910645 330.7306169944352 
312.1932829268245 314.2428017373779 316.2704468105445 
337.51052413508086 305.77324442293565 325.36982959292556 
333.6859312318666 311.46126007964176 333.794790379004 
334.7934241874771 333.02306189182525 306.70959498440516 
306.3170734526359 318.67404546709844 329.2530276147303 
305.438760360246 327.64514610027453 325.2106628819356 
317.4881437702998 316.8329109154174 318.39475429281447 
315.60174125799256 308.8409865070771 318.75168952615917 
306.51335338778466 308.5651015616024 317.88787109889125 
305.09749366633554 308.48087621412276 338.05949637463266 
332.52578442004716 333.64424519170285 328.8986688178449 
315.5437228812366 305.1392728593895 338.23286451034915 
326.79596987720544 313.8842556007184 304.70793456681497 
310.2036251800712 333.5536700799155 312.73806130122256 
317.4557440039839 305.1989481013749 327.89296856599657 
323.4462486653621 316.12170985977957 318.86283794642503 
311.23331691389683 325.8169617870158 317.92096698716307 
334.40991053556064 324.22988970055104 329.9302840497583 
313.17060294973896 305.1931100978324 328.987622596147 
333.7658549933015 312.30911237836386 320.96268206483626 
408.7219193394 389.53947873827514 396.90513924410425 
380.33593645094714 399.6521713584801 403.92704760539124 
407.48685920052594 393.67021269446775 401.307518470096 
388.5038747402829 406.49961360357685 380.7437262973718 
402.136440811364 392.8147355933138 398.77637778244247 
408.4888836336735 404.23799668784784 384.11513175155835 
413.3380614982263 406.4246180934922 397.7700196563396 
393.4036106466058 407.93395685306905 394.4901634725462 
388.3328680253973 386.74276937825465 404.8744161752129 
392.01951915550137 403.24040525896606 412.62783046872744 
391.67195894706754 385.2079191889393 409.5141558652755 
391.13248485271083 386.6208046567942 402.61964423893534 
400.6416694877714 380.15137368924485 398.5123583816608 
383.5258034996687 403.30803212964815 394.4156352218949 
413.7090896368527 400.55749469471505 407.7464799969966 
382.68047580123374 390.0943958721726 393.3511610983196 
416.94947204860455 405.19818078939676 404.88188788341614 
381.7427033249856 400.43249897692294 388.7528864405468 
417.36025229155825 410.87649194893976 406.7854540626192 
414.9057184476155 407.53973269023055 395.159599673626 
401.43960758075383 392.84580274401304 410.99597883010046 
405.37818045545936 407.61457890831446 397.5089657598782 
388.90197077989916 406.65183639250466 405.45957126053094 
392.8816133058473 385.15035828742225 411.23470118723804 
408.5429183557443 417.51820765533284 416.6541305847649 
401.75481780862214 412.89170377830504 395.53490754388906 
385.20841332483536 385.84225847098986 387.83097193464016 
409.82509691633163 389.03256217506964 391.1147820226584 
405.7000489950337 409.45446761418066 410.1399910456498 
396.91954061777017 390.0388050772399 394.9976109847947 
385.3541177631013 380.611687527969 409.3634379696513 
393.4956836685402 388.357876690483 395.3357472590869 
395.48464202508427 382.8949928650244 381.6211470780878 
416.9965324612732 409.54908775287134 380.622466944158 
407.52550593855074 381.5429688768577 416.0830119339553 
380.70878165400404 392.6849276507916 398.4436128447655 
393.43567152641015 399.0308211744859 392.47741011505565 
400.55782084861823 381.37944005842695 408.1851437860439 
459.5063394963635 480.44731615740034 492.2111543393884 
465.88767312567484 485.72650039189335 493.6163249832901 
458.4808134909133 477.1978538704315 486.32822158336694 
469.79383204896106 489.1652981242099 461.3526623790109 
490.7820942085879 477.87230371352763 457.9709810174597 
473.48261960106925 456.77585190662785 483.1896587425233 
458.5149013435123 484.19075410879816 483.11856314750213 
487.2578293686451 465.29140361345156 469.7600447658711 
456.2961992559602 488.1680873400274 471.4132497953199 
462.17080203503554 459.18501646577874 462.8779333293015 
484.8740872153855 487.91532772902747 486.30545896224663 
472.1505655959721 478.0726597872498 481.637088398815 
483.90085553437575 473.65495767241964 484.28288716856014 
468.6803248075569 464.51115790851185 482.7606884262733 
457.15012168874813 460.3099271876231 470.361935205842 
488.4895889064403 490.8027110985177 483.16408169629995 
489.2325181945456 481.40367696279026 466.39357132612935 
472.62580169279886 472.3221779799007 469.48911215787444 
463.1647933677072 479.25574942473384 475.7842272127931 
468.32482336096837 481.4008061766676 493.8212123080895 
472.3500994017375 472.005753154938 471.3076888617753 
460.0218137453644 478.08727319160914 481.94647514708953 
460.75202711285164 477.2747187386879 491.0121851080904 
485.4045830173363 477.77183827384914 486.5562654565632 
487.3065539421384 478.57522806505744 466.8613286745427 
468.04623260296233 491.0302520762785 477.4946478435137 
489.15656718957666 462.5982196884837 478.2431172963666 
479.7295728847947 475.3309347003845 491.43651001426366 
484.85520674078293 468.7111849234908 467.4675368904341 
459.98000301116815 471.2014587822211 475.69064341409506 
486.32677883573825 461.5329212334913 468.1389676936972 
464.6964491162595 469.8453341061584 471.97144879555975 
475.7054325829263 487.72453450029764 493.6545443446788 
493.6159503383589 491.02150065424297 469.8611933898657 
488.0282096213444 480.46741915434586 486.9271722612288 
456.8420706797 458.32225804455123 472.75184480890795 
471.58766792021686 473.78708025703435 463.1965608118533 
481.39140602511935 473.6098155036512 490.6453314405882 
537.9679664101434 552.3136942337554 539.3689808599613 
555.7194002070029 563.6072591204355 567.9604972497829 
556.340156561248 562.6160991892892 556.4338033933 
550.9860015824478 539.4737196138515 551.179156322209 
554.1624093343343 551.0753831102447 568.1649319118801 
552.390004294053 535.9422589857074 539.9428395547684 
549.4700355661236 568.9455723032178 551.4963553484101 
562.6771916693598 557.1935307190554 547.7356069046583 
547.3863990994494 533.0938370241278 561.7899686689652 
539.597923629677 550.1880897467146 541.8720389519597 
537.2325842411145 550.3568190728142 558.5482584870066 
540.7166537025377 548.9073607735171 541.3144107684201 
549.9434356380244 533.9110881870222 557.8398292475752 
537.292675182295 559.9430462026445 561.8711518913553 
545.8760138203963 558.061143037775 552.4296865988284 
557.0136022145462 565.1294502049956 564.4306645067323 
540.0442637316183 545.3774315746678 560.348544497739 
558.2717524386497 567.6431029074971 539.4943398037711 
555.381940198329 568.0906986745862 569.1040784434214 
568.341305636033 563.3688688532853 541.7970284153959 
569.4220409031435 559.2466163823071 568.851731358712 
552.6745261145596 561.1736373890133 534.4547559843877 
563.041462735289 565.1898933368425 559.9356130799478 
556.5727529083598 546.9065211567021 550.5743372441082 
564.9770680706703 553.6001733043131 552.159565868557 
536.4216979921757 557.2234751424172 558.3226114958613 
548.2739207835991 554.7313339409303 538.8855623274052 
552.4283446375308 534.4464056127186 546.5481113482296 
535.3782364164618 542.9970472570571 569.2411379718112 
558.5547481205939 539.6993177884808 560.9603346176865 
568.4740348673837 533.4979002980057 535.1043655787958 
549.78412249068 550.957481476214 559.4247355509777 
559.1324696222866 566.8813738874062 550.7287214765053 
557.0821154476571 561.2898375977177 554.2625912225044 
541.3851603721776 549.1708549339504 561.2064438892121 
564.5517278386768 537.0805845860058 535.4000159898827 
548.409158827631 560.8144584768631 545.6588357145216 
567.2715957877278 543.8298083272502 533.1628961712657 
632.1598342503459 636.0182438295798 612.7919587513461 
639.2855529239586 639.506806394498 627.162711433677 
636.1146931519663 617.6951929946248 631.104219350847 
609.9518356043073 642.0979914631567 632.0566550119428 
636.3866061962381 632.4187340510967 609.254880245471 
623.2004021181157 624.7578509618523 643.8790302372057 
630.3867800160418 608.2479678626568 635.3036242618435 
617.8066209373849 631.8267314378172 636.4528626622624 
617.4466118975309 641.85896457691 618.83581878386 
608.7456180654531 625.6881759790942 614.6763842455621 
629.4959705778576 633.5920841079229 637.9704237309869 
612.316449344737 635.705706226785 618.2632030119327 
644.6554244216092 609.0808907707329 633.0325450039765 
610.9191201372098 638.0005912449465 632.2505464886607 
634.3962598386348 612.0962540752055 641.6668372691315 
613.1739303186012 626.4626112375782 617.149420347271 
626.2060749497492 621.4696961323245 616.70120405399 
615.6471326409222 616.8365847444406 645.4095183189995 
628.8414430523477 626.0958458770818 645.9754314039953 
641.3463196589737 645.4456385754745 644.0432571443946 
629.1958108507323 639.6664609178071 613.2573323771988 
613.6697246837397 614.2775126066923 645.3804953199283 
631.6884921861006 635.9465990941891 620.0956296817025 
627.7509972331524 644.9463286702746 637.2420327257587 
617.3863070647831 612.1272542174961 628.8357050357837 
639.2064176914153 639.1319621166825 609.4937679951342 
611.2744949115792 623.2043878166835 628.5147484311159 
612.4284247631276 628.710247145999 610.2103050793246 
642.5505264558044 621.6445763316294 643.8271519212736 
620.630956363291 626.8967065796263 641.5737264209985 
627.5580013501522 625.5965428284297 618.3635085367952 
616.4596167637717 629.7219113802618 626.6439170740489 
622.7245188412643 609.0269489481872 638.7213069991119 
616.4700645665665 623.1628099678255 639.9513433275457 
609.8991979934472 633.7674997543925 634.6022988633916 
619.6089981705526 616.3428582916473 625.120113768101 
613.3346907449558 631.4039055383995 645.4941422320423 
627.9956872722383 640.383106223032 625.3801046898673 
707.5098117061535 702.8829890328084 691.4366110581783 
693.6321118752871 718.4344318680348 693.5058666113237 
719.8870887985896 691.1072873362059 703.7374482246481 
718.8644950135559 713.5297412542561 691.8229498443903 
707.0555351115216 709.668767434272 692.5442050437858 
694.3727422299662 709.495839333705 712.9395523878287 
695.0181921169732 707.5378027794037 695.7499492629829 
695.6051824311644 708.1798485633107 703.5363158882435 
688.2805118600472 696.1831908649724 694.8247523846179 
719.9904935265039 689.5749043614094 687.8505262938444 
693.0141895642636 718.6522501941137 716.6677470352195 
716.0584040808367 708.5324973437107 718.6903756055084 
704.9298338177184 707.274760237824 688.6484086870203 
684.9906890263411 694.7298186772368 717.5889237370269 
696.3678015711464 700.2984531445348 697.8453416537081 
685.6666193442157 696.2074199401765 684.7975283067786 
704.2004888033626 700.6587833566143 686.0980094138746 
713.1892303328691 703.1659701170365 701.2800668349852 
687.0977807465727 691.265899269033 698.4895063782234 
684.1714663001887 693.657735078918 701.8159352791021 
685.4069355718966 720.5198211446561 694.1255088852577 
721.7052198370224 697.6859060929868 691.0742283349546 
693.0357853375231 687.1938994421961 720.0360688123941 
697.4725676162592 687.2170312083807 697.3428008761915 
708.8382181625018 715.0278941440444 697.0906909740154 
690.0478861976537 692.7260829107723 700.4758116714679 
719.6918599491295 702.7785986002494 710.0533833716074 
720.5874663956761 686.0133714230716 685.179234572377 
699.186473323706 703.439241706878 698.6110333708905 
695.2748454678431 715.6829232938998 684.7373466300003 
688.1791405898958 701.9515012394046 721.990389970566 
690.0617260018681 691.931132255237 691.895825993968 
708.8684459716662 706.8925228462773 714.9327894642864 
696.4707902885349 709.4279095623634 706.0214733513999 
703.8652135067475 689.1883399811178 707.0711280650036 
696.1556311000871 718.4114824777133 686.2605342926267 
685.9748664992966 699.7540358271295 717.4690419747353 
696.1368140849291 719.2065995695976 693.2885031151336 
780.9031807108737 767.8312695329615 767.354990614181 
766.4360729652428 784.7270290783653 773.5854140863188 
767.0500271635012 795.2823207438811 767.9932695358536 
761.8194049780352 767.9574013111878 793.2054585473846 
782.3957980912601 773.7490284400258 775.9326318907524 
775.740157024977 774.3460666913799 792.3051813242148 
784.646877487238 768.6666493479396 765.4170465390957 
761.6094972452803 787.2423085355754 787.1041160173869 
781.03008644071 772.7758360832102 774.1546395991608 
793.9082812989881 764.4534336203541 766.4956635666028 
792.1586327129293 788.6086121880477 760.569508124294 
787.6515323900844 776.0132755837825 796.1590920360712 
781.0192048947802 769.2359582811051 779.6528679199802 
784.9518359257381 782.2532982966892 787.303158896176 
768.6753998854455 796.1908167393998 766.9798648197628 
770.5569841737155 768.6831146206486 782.813724398439 
779.7866086194572 762.135831816938 767.1187353295535 
767.9415955689351 777.6721993992921 767.7311043493245 
773.5670792786553 776.4844355238423 775.3269793788501 
779.0162613711299 773.5055985941498 787.3261915830803 
760.5356251464164 767.3888969342794 762.5080587193941 
770.1573234127052 790.6649232937363 775.9935823000866 
774.6209742109337 783.5625424260023 764.1098343677567 
782.0281656329188 797.5432011229706 788.9944386607434 
764.9058865335131 765.8180189399118 760.7395429767698 
768.0431198108034 794.3215642362861 791.7410853173548 
766.4761697202131 768.0446278979814 763.3829980926732 
789.3880673099181 767.8662149060895 788.9440566921339 
790.2026895938802 792.5834198680711 770.2185592568006 
760.8796558433743 784.3687859224626 777.7251822007232 
766.0664125790075 770.6716025635129 763.533841858828 
770.4031295470071 778.7960740638896 790.4041964873603 
775.8218350755944 792.3465601665529 794.8146516417103 
768.2022356253328 785.2259350413639 794.6191979216424 
795.4650135255878 769.6935736009783 766.6147904911502 
774.9406781767015 790.1456923567343 771.7803600282131 
786.7363725572335 794.866149833856 766.3739001603232 
769.0172325520275 789.9957305949011 788.5287278856101 
846.9979733070297 864.7519056852624 861.9771412658845 
865.7389814906652 845.7524737253262 861.2604068048228 
854.9179776629347 844.9395792946717 853.270713725369 
838.2828368709787 859.5309887778023 866.9873549823066 
839.8188436383116 855.7301875034624 841.3633940833607 
863.7067715746797 873.9181907714856 872.8728660641174 
861.9250451115598 851.5967625631489 869.7865139788763 
871.4237693874059 864.5892132597425 850.3190266207134 
869.4523225954117 858.6225690365796 838.6613206083229 
851.8229126339942 857.4589816712996 873.0201533449944 
844.0183990848601 861.2635134279893 864.6952114195101 
865.6130440531282 866.9455283506195 842.76636442201 
862.6738588242633 855.6867201765062 866.7716018311344 
853.8548241601391 865.7553140589936 840.5606256676177 
848.409097195531 848.8831559877432 843.6293120010172 
861.2939996849109 845.495490671875 858.778826607985 
862.2725116061565 866.1398366381977 849.7652181497299 
860.1004710280596 848.8195530317204 848.9668424918244 
845.6909737306416 858.9289665081178 846.4709971062689 
867.869529011282 848.1360321405673 857.2419736961334 
854.5674632538384 848.4113481258586 852.8086326494406 
865.8113696676587 855.2087974104601 846.2330505800766 
841.6659242132841 873.0318221403429 843.5038778351759 
838.0570963061427 870.0896672295148 867.2025278757324 
836.5859963534683 842.2006839656073 857.0349913544821 
841.6624007627727 845.9097293550982 868.7914331120496 
848.6310951765165 845.6493470678724 867.7102271484679 
866.2743615831488 872.8274125043415 853.7817950427898 
836.9938231461363 843.0105496525927 864.7881647087187 
854.7064231070019 864.8900327270312 848.0285407164129 
863.4518300023963 846.6695166633128 873.9418042773067 
871.2539373847254 873.2860936008219 842.1946272203552 
868.1113414117823 866.0292495214327 869.7534481631592 
871.3392622118004 873.2000845209234 850.0144246047379 
847.5146622621421 873.8145705633586 852.4248004914766 
860.79080792616 873.6031515756126 862.2180372867203 
850.8902085409645 854.9293256248216 855.0994826694816 
867.4546244079809 867.0928022706108 846.4592040939364 
913.5251337888292 924.3359166250722 940.6883828626205 
917.2806611310473 933.5284584927736 932.7532882701478 
933.7526173207929 924.4689735638897 913.6174624344492 
947.9744836221307 943.088319106968 938.9803140989997 
946.8914105142799 943.2469573237307 945.3554531419909 
925.9245119002559 913.7702119309307 931.1014294174882 
935.7563307668245 925.8137476541797 918.2649446626824 
928.4504285117284 949.9177431540517 938.0890893277683 
916.4224516434803 925.1843291269103 924.9230034918407 
913.1517927531623 912.4566157844715 914.0483321253101 
937.2436870396964 926.3239025370096 918.6239058341095 
945.6890558587321 913.8366349482666 914.3798816140338 
915.2695243954087 918.3355735061288 925.340943187561 
949.6009080726018 935.0031652692863 913.8502475826955 
912.3509349615691 939.6175848552659 933.5889640105844 
937.2684504869518 940.8864044062598 919.4548071484037 
940.3870230580139 944.64572968175 944.6961170269661 
931.8692446024429 948.4432830459732 928.1416126467082 
942.4304635090381 926.6570893819164 945.8178318954886 
949.9950411707198 943.7761392719228 913.0067168027438 
942.1635092144555 938.0909839703716 929.7191494045122 
912.381564444288 929.2998630062772 919.6541899339619 
913.5763374965115 942.8321515365984 919.1891068009699 
943.518350168207 931.5795051553046 940.534598951236 
914.2389393469371 931.1047054583571 921.9153147109513 
944.4071607014647 926.4180560082136 936.8653480188626 
942.1584414780627 936.8287650827349 927.8418413549437 
915.4894017190916 928.5940186762627 941.1463800466067 
923.2016063542698 916.1121053514489 943.0529423828917 
932.2865733802987 913.8637389599972 918.7218477972698 
917.4563159193282 918.0201462976308 921.8397289973755 
922.2868359758254 920.4732867665003 915.0434639334936 
912.6386420480528 945.2987469524631 942.6573449048109 
932.9053029092685 912.0267194077535 916.2610207668635 
935.2785766604118 923.5651962425893 928.1094753623252 
946.3074384801056 932.4551362730664 923.9625849001684 
927.6585100852234 930.5044413322215 949.2578632708512 
919.7931327157459 912.198403054496 917.5661098546373 
1020.536918143365 1007.2455973200529 1020.0471165437557 
1003.6489983902729 997.808410042877 991.4039669717738 
989.3641659848446 1016.633095807322 994.5665633105043 
1001.0808954087473 1002.233967669076 993.9263818422111 
998.2112953909347 993.7151584316406 1018.4314792229454 
990.5365314930012 1010.6867111700833 990.9017155614332 
1006.8484969259471 994.9330551737183 1007.0885576753043 
1017.9153753819512 999.4779894938705 995.5254365553049 
1025.4704195667598 1016.548397946266 1005.7699850892233 
1022.1845795748525 1023.1629379277213 1019.0708184916002 
994.0474519836 991.4837360299222 999.1500131642377 
1024.1503726550814 1005.9828498992574 1000.376714893655 
1004.9020855762502 991.9830860246144 1011.9954198681398 
1007.6166310706262 1013.030074133755 1004.8190414111449 
1008.2843848659602 992.2857640311045 1011.9692819385922 
1000.5424869338076 991.3048069198603 988.602544270043 
1015.784948423271 991.8202079759495 999.6480681213247 
1005.6739698954192 1008.4922039901306 1015.2661404716528 
996.6332790975409 1005.7550201273473 1025.4153717398103 
994.0814739586637 1021.6987660577447 988.5559724762143 
1023.5911325138024 1013.33122405775 1008.3506904791321 
1009.2166011756497 1019.140533925252 1018.1369124561985 
995.5487853370721 1000.417947895784 993.300201014528 
992.1280905150008 1011.7565638447936 998.5532954871153 
1015.4245244173763 1012.3227034158398 1010.9078505834024 
1018.0852783740002 1012.1795809652621 1004.7060328083644 
1020.6032969288859 990.3781565765586 998.4120927570209 
999.5437526745441 1022.9837017302248 1012.230188157426 
992.9531873993649 988.8531887307581 1022.3049272350454 
1020.812187924868 1000.7319156067266 1001.230776314494 
992.4099029710266 1006.0224977932505 990.422080232458 
990.6584527326478 993.7145211014894 1019.988200319177 
1008.8208253837722 993.4107467342891 1017.8265002051262 
1011.7979623220344 1002.1341594008532 993.3248345736096 
1017.0742775950256 1009.3372153352769 1011.5094139058767 
1011.8943623985264 1015.9854686901803 1010.3881212292979 
1017.2133518564065 992.9856223911703 1012.2648722339427 
992.2483971285187 1007.7611391291179 999.1591282749785 
1071.5512106119002 1064.5364899911726 1070.7141152100467 
1079.7360216600048 1101.5710595278756 1065.90577806325 
1094.4349037071554 1085.5165451050168 1064.849075532389 
1064.963085360942 1086.5778082017748 1076.4529521904863 
1095.7161041809152 1089.0694041232175 1073.2976865491698 
1070.0740414149375 1098.4199389682933 1072.9983627001084 
1098.3462537859648 1086.6477571363735 1100.2269355989738 
1074.7010708095668 1074.4606455044088 1075.3689100901342 
1080.3626119854455 1072.6101552288972 1097.2773819365264 
1065.372935522324 1091.0375027946525 1090.5225291659317 
1077.877959902006 1075.0012539102431 1080.9061708123302 
1091.8419817978388 1084.47186070674 1099.0585346387873 
1091.144631062621 1068.1047156675627 1072.8447395435467 
1086.3503777306514 1066.0956271841196 1083.89004837951 
1076.1191291952252 1084.3348009184874 1094.8756522282326 
1092.4744656490102 1078.0785929078677 1072.7292675444921 
1085.7975772973132 1092.799709502362 1067.5377209363685 
1089.9133752316388 1086.408553108084 1084.1937023620717 
1080.004207262392 1097.5097946049425 1091.9909781443428 
1072.1863409915516 1075.366599432981 1093.877944924933 
1101.6586362453172 1099.7475567388744 1078.516634113748 
1083.9520839032648 1101.250637383034 1067.433356197548 
1092.7149805763117 1085.5040666152674 1101.8936091786752 
1090.7731299659931 1071.3791495382527 1085.7291106986181 
1079.795788852395 1093.4301379954736 1077.5409782621982 
1094.653029744964 1078.2127811127234 1064.3073359838731 
1084.9458110316807 1088.9740642777897 1096.924346497924 
1071.3324237950603 1088.1502294269164 1082.1730011439668 
1072.6316050304722 1072.8220076825887 1096.0196759096432 
1077.3006051718103 1074.1179021867224 1073.5435896517183 
1079.8831212455277 1094.2536370198961 1085.5107014496034 
1065.7028152202404 1066.4038043368475 1066.6423629858023 
1092.5832937735743 1090.114688303295 1079.2727142209546 
1086.066569412445 1091.0400429408462 1095.0106363860793 
1089.9022129432683 1087.3450287159524 1072.139988313579 
1087.3503624367358 1078.5671656522086 1080.3978897403522 
1069.9026599381575 1097.2071280280065 1100.2780680889923 
1097.526017412344 1096.1337866708868 1065.48064137451 
1151.3967712431993 1162.6832664837054 1170.3146391251032 
1151.3264143621045 1146.868445066921 1149.5466200917597 
1171.7737874470542 1148.7586076580926 1161.4148981506478 
1174.3987269947197 1155.601319343397 1155.3391140599522 
1173.9749760305322 1175.2944856658064 1167.2424363768844 
1166.6601634655376 1156.9543673422809 1153.846273041245 
1169.6124572279182 1147.8164813329627 1146.0242476004194 
1177.795102293645 1153.0002965341503 1170.6276553856435 
1154.091401226147 1163.481379690105 1161.9352309302615 
1156.484385986253 1168.9766814324973 1159.0993040477667 
1153.7622340978385 1150.292048838296 1167.5442914054142 
1171.587424027364 1161.7219634901148 1177.1390957768606 
1177.2515093629816 1152.9541008390834 1150.465379235544 
1169.2546719967845 1153.9264709511226 1171.112332504822 
1146.4393072385178 1143.618190712062 1170.5047350050984 
1155.3596705293726 1169.1162117491494 1153.829215784526 
1144.6777008973704 1176.1796083683723 1166.0382398842914 
1159.3387688513556 1168.2158863587358 1148.5238088101567 
1148.2410640840862 1166.0077725671508 1158.4272452058556 
1173.8354552090075 1163.5668310166313 1171.1960467259382 
1174.3892889091567 1172.0388585761602 1160.1802121007718 
1152.444519436945 1163.7028961359715 1153.3116124758951 
1173.4619485735316 1148.0722310347899 1170.0549468290737 
1163.8037195614263 1168.3781433910497 1175.4934214232474 
1151.939159758914 1159.8893310778537 1151.7663125180782 
1167.047476603672 1171.4297691782692 1152.004772875428 
1165.915241415897 1151.6129000421583 1154.8450181285884 
1158.1549936211434 1169.8122179069694 1168.0020021695357 
1146.4016503294115 1144.8409700987052 1156.7012228508086 
1159.7891449782453 1141.8287357425043 1164.0655017988847 
1145.9200166194655 1143.1267685970683 1176.909977053159 
1153.3485142409359 1160.465802005975 1141.6239725042838 
1169.7962602297428 1160.2033404628176 1160.4499069548326 
1152.7763481297552 1174.0041394638147 1161.4118288507084 
1170.8823284178245 1148.2225872707115 1166.8722136106428 
1163.4079422140906 1159.1138413215103 1154.4584009731998 
1175.4576216411385 1172.78322038334 1151.610424035182 
1176.0205627694236 1150.2290041036506 1149.7191067076549 
1232.8899356876996 1236.7546380170763 1243.1617964614684 
1241.6782774864766 1220.4023903156344 1236.4225125521568 
1224.1550909243385 1230.0312558168202 1220.8956283819196 
1231.354301674287 1249.9603275539996 1245.31563048421 
1237.6609148837506 1250.9971304715789 1246.5017384653 
1234.6871030594825 1217.6100308365976 1217.9728017627476 
1249.5573449653066 1240.1476880658668 1232.4719345908354 
1224.147317003649 1235.8942408548708 1240.6068200423717 
1216.2596784993289 1238.7282624035772 1237.4333766751324 
1218.792661910248 1217.472890526445 1223.8077744491711 
1238.8707266087404 1252.239460047599 1224.1496543681399 
1221.0715484916395 1233.662995470278 1245.0044934292248 
1253.7043492411221 1237.6102918350296 1221.1057008170815 
1238.7300947922847 1242.1188392096246 1230.4709174465047 
1250.2426488146007 1226.3123396092503 1248.921917429937 
1222.4699271025365 1242.4380021220743 1245.957030236892 
1248.8879685852307 1241.932272440673 1247.1823130394303 
1235.365339471929 1228.9647466438475 1247.1191966190975 
1229.4661585669205 1235.4805302254513 1218.402588588951 
1236.0977827203994 1247.4694944341454 1222.1100333089078 
1239.205104524792 1226.9158929919988 1240.0180011948069 
1230.9976154448761 1244.4537783304213 1239.5132948297862 
1244.6459809266544 1249.311145142122 1244.8723816965532 
1249.514011344145 1219.701530771314 1240.481463982705 
1216.2217478114862 1243.8963095350825 1232.6653904119225 
1237.9332579074826 1237.6752048070894 1226.5566242152127 
1216.7087715051778 1222.4473847299353 1234.6474678376371 
1216.8689735849991 1251.9819118253984 1247.1950847168282 
1228.3073847583091 1251.8637879590945 1216.115005623876 
1240.2516309489472 1232.0568937114497 1241.7451158371316 
1236.0482975565535 1241.7518352002621 1236.2504854087797 
1220.2683189068614 1221.6599670870405 1233.8279345231972 
1230.760361749404 1237.7247850063525 1248.1806859908606 
1246.8221416307474 1223.5580184331773 1217.4511247271346 
1233.6245655584387 1236.3605799844413 1235.7979208320826 
1244.9827262027031 1240.4942156811144 1219.8343718712645 
1250.8780666525204 1246.0710196048292 1244.4464062833133 
1229.3912918358797 1239.0036315463374 1221.9883746178127 
1329.34948473052 1295.0595041819251 1316.4338468140322 
1326.6454436836002 1321.4621248868173 1299.8066283950945 
1302.9077457174396 1313.947445600082 1302.6427926169138 
1312.2332698491205 1314.7486610000583 1326.7495834646645 
1296.8879345033927 1324.167474602731 1304.286784598478 
1296.860542326013 1310.0174078570712 1313.5540098665167 
1323.362848423838 1307.0727867254157 1323.4327888075475 
1320.8169630883865 1327.8650286011118 1322.2868353297288 
1316.0579163042848 1294.0721187493484 1312.0028133385172 
1302.6793072093951 1323.1373101992642 1295.9382787567647 
1292.678888719614 1309.9340089081077 1312.3004187421204 
1323.3658638051922 1295.5054767627769 1315.4629692302474 
1311.283061318791 1293.582585804106 1303.9210827987022 
1327.6902015590795 1324.8639228851432 1314.5711433958415 
1297.4642504696342 1300.3777069767557 1315.1553485695335 
1325.1661352107428 1324.52618274927 1325.0054075964028 
1302.7197181946701 1317.835467870677 1305.2426928709813 
1316.1773136217664 1311.2944703635937 1292.1913692621565 
1327.7635083978528 1328.3614697522883 1309.5400262879054 
1316.6933666873315 1328.9182392839368 1301.254399958957 
1296.126712823713 1308.2595170682778 1298.6191376617985 
1307.9612798284606 1321.057287774047 1320.9368895610698 
1307.8927282004565 1322.2103713788945 1292.8713017194168 
1318.7368232121426 1323.2145955862732 1296.4203786303897 
1317.0574885735116 1328.1896461258484 1321.6391353033166 
1299.313567328186 1326.8753752928264 1307.3463372072056 
1315.320980554701 1325.7707548989838 1313.268355624097 
1296.3008647949878 1296.4216004196112 1315.9582199597398 
1324.0267651369402 1317.6886266201252 1328.5431114372836 
1299.6477892544638 1314.4017813324378 1293.2922534880233 
1309.4790433971534 1327.202517287231 1305.7627666769781 
1328.6917933793409 1299.2977819800444 1312.443993978511 
1310.6858087415872 1296.3510339233865 1318.968048124903 
1308.1863517484655 1306.418312982367 1315.4593006158643 
1294.1652731344134 1327.3019415494002 1302.7361783163008 
1308.5189690514226 1301.4889122423228 1292.6896708439176 
1329.19006312557 1318.7899587001227 1319.498569650225 
1295.0148576037805 1308.7840974405592 1303.8486193359802 
1405.5370030769122 1384.9625899903065 1401.3851314348071 
1370.021084205305 1398.8461153165165 1392.6875145254612 
1405.6368988033391 1390.4753172956223 1398.638615080227 
1396.101967384394 1382.1419714867684 1399.229304270631 
1399.336130521824 1370.4123893663061 1403.5545323795468 
1401.0342737659516 1402.1491846096155 1402.5726294832032 
1385.8041750750494 1377.222754111093 1382.6264259038119 
1393.4036885502483 1405.3420419694157 1376.3108622822265 
1371.4015288761261 1368.7457819064555 1402.0075916722722 
1368.1437587098171 1402.6710946273736 1396.4488493939 
1395.1381300746457 1371.4400351895908 1387.431908927937 
1405.367548326682 1401.2518166908842 1402.2889790032232 
1387.8920900030969 1393.1360505859047 1391.927528253498 
1381.2091650653083 1371.657418245507 1396.1447129400128 
1384.0895476487558 1387.0012034592405 1390.2763459707423 
1389.3398570454128 1377.50216910405 1388.1725488601016 
1403.3364127070283 1381.5052893112997 1370.5444263418567 
1396.0797678564606 1399.3490901241555 1371.7762732999995 
1390.0940569315055 1381.5553596523241 1368.5728939671794 
1399.8298149869704 1403.7147410482048 1378.471115140202 
1368.4580998328263 1376.5438064912876 1369.1726500162342 
1379.7240518295698 1379.4050834949123 1368.0485697487504 
1373.7855582605753 1394.871655357012 1385.8596799620136 
1377.941979203351 1377.7423026909996 1401.9801509788558 
1378.1759743868145 1373.4029280115474 1398.7797734969438 
1373.7409535051956 1389.4316863679758 1400.9412390684747 
1404.5886431477552 1384.620472923688 1405.5302857273896 
1402.5304887645425 1371.1223071667496 1381.4587371072344 
1399.2371246616622 1404.1454278106107 1389.7568131592197 
1396.1043694724274 1402.0852886407179 1377.8262364346008 
1393.563503943576 1380.121899729767 1383.477537844838 
1393.4447696727736 1401.6878353090144 1392.4530711515995 
1403.504140881663 1405.2134623047398 1379.580109336729 
1397.637082072365 1403.827833201639 1380.415277080326 
1377.2796674723927 1379.2348958388118 1376.6280529981223 
1393.8015076333027 1401.1952145957705 1398.9303969114853 
1388.3777177573036 1379.8309337723035 1395.7454269825364 
1384.2052258666406 1404.6864724350448 1391.1247883693786 
1464.2214121154689 1472.9231231689876 1453.7375725030247 
1461.5837966889464 1475.7408010911747 1476.5091873623685 
1469.016711280926 1445.9236499131905 1456.5030137951298 
1447.309051103845 1469.0487360228028 1468.297432431602 
1447.1837613887865 1471.4032172729223 1444.852624974454 
1445.6319727508558 1452.115610808545 1463.8556561923865 
1444.9319833563081 1481.8621220058467 1479.2299107244548 
1480.1297546259775 1480.0025918519189 1472.7835790716279 
1451.446775010501 1449.4880217915604 1473.2232386011206 
1473.8903429690313 1453.2061693646624 1460.478170732141 
1468.5823412833936 1444.3477771509774 1457.1845861978782 
1447.1607534684454 1478.50332758031 1447.3075569272664 
1452.4153283346232 1454.097998239275 1453.619836432837 
1470.6050573925515 1460.6871976381624 1460.5295043274189 
1473.5062321864552 1474.0019128196395 1474.8720322962904 
1462.6882851933763 1461.2622437138084 1461.8660489682375 
1478.2911670294432 1464.8446375197573 1458.7916550693526 
1475.484958755216 1450.1533653708047 1474.7706042588522 
1462.7649294715718 1445.488894531813 1455.7559431846873 
1480.2663610570369 1463.6330315070047 1458.856206161515 
1458.5224805520784 1451.4427577650033 1465.5362365969493 
1466.2163881053737 1463.3096441434445 1452.005141799149 
1466.6344565005493 1454.7036928530727 1478.0668001679885 
1461.1567056492318 1477.981073276418 1479.6824700524521 
1459.090008090766 1461.1180973283117 1452.3453723690843 
1449.1397299948903 1473.7398116711427 1449.9284402250478 
1476.3978077039058 1459.2361232519102 1448.1510794059727 
1459.4490980282653 1461.3422631355916 1463.691624230649 
1446.5150400057773 1460.8026930751653 1474.3813963991922 
1444.190414675911 1459.4360499518846 1460.0544219234282 
1472.0967804020238 1456.0594140257215 1465.3148447402384 
1468.184602951042 1474.4646719958005 1462.5399915798653 
1458.161504962493 1468.2567217555866 1450.9550120999072 
1447.8515618804663 1458.8634328375576 1456.3434850509798 
1446.9716643315087 1460.270284980994 1451.0249130872617 
1478.1219337734635 1459.4681042719008 1464.3493900011651 
1466.7276337670512 1455.55829561246 1458.2178282219902 
1467.5732170908182 1464.0070016726643 1473.4845725043572 
1529.242954879025 1522.5046487851407 1551.4172512274445 
1532.3582543710309 1534.1947221212793 1547.3946437838365 
1539.0946903383262 1521.2937863405318 1546.3800705313813 
1534.0062708760765 1529.6567651764276 1546.849720897057 
1525.012924846641 1548.5912976451311 1527.439271001331 
1555.2636989205544 1536.5716102111992 1553.9660729486557 
1557.4952164081383 1547.5511712980287 1531.4265576199225 
1535.8090038517932 1541.0544692436083 1539.3482556240892 
1556.6252042417814 1554.6464412891487 1552.1745275595333 
1536.2704542205997 1527.6027239764342 1546.9449622548832 
1542.9615142670978 1523.3487139097815 1544.6607642011531 
1530.672413565633 1535.0646193953653 1557.9932774291924 
1556.5464942344765 1528.2273850409822 1531.725472938173 
1553.5167279352377 1539.8598817479058 1552.4087038854962 
1530.656367453107 1555.3048769364489 1525.6742428417217 
1529.5488627014024 1522.7742161016222 1554.9358387419657 
1552.4433259791344 1538.3727524848582 1545.989073376923 
1536.4295351872117 1521.9789924271727 1528.7441181699135 
1523.5306318372575 1533.8308855674734 1530.9629005458198 
1542.779311985611 1521.7915586183362 1537.1390295176845 
1550.919256112623 1547.0021266322942 1521.363761216474 
1540.7291052768528 1540.6459563525261 1520.4296481258962 
1523.4644858009176 1541.6336909125378 1538.5717247912671 
1541.4654637456338 1543.7474108136441 1556.5962620685536 
1542.2202581921622 1520.1995324204022 1534.6187455713302 
1531.3666679869448 1539.2166285600167 1547.3570905215122 
1541.6059164909557 1525.1637428834827 1541.6374213925083 
1550.553857171478 1538.8001495622143 1523.9752491202003 
1555.3047631170077 1556.6307667897097 1530.303625664039 
1538.4744919605641 1556.2794968781473 1546.8609371738492 
1557.9931430735262 1524.5542373796927 1534.9724846084516 
1553.4455884729284 1539.2374603630792 1522.9222082035876 
1530.7381941828498 1534.8938766070642 1528.8162569912192 
1556.6180559789777 1535.1283722684723 1521.3958233332514 
1553.087041835031 1540.8330127783315 1536.2495067367563 
1523.0323683983868 1550.478690738523 1550.7029246793782 
1524.508904585674 1537.5569849763508 1554.9940352662795 
1545.8004315735782 1546.9954886273774 1533.5453498675868 
1598.6259532628221 1632.9476405289233 1621.8708737551901 
1624.6281450324734 1596.0919206539083 1613.6701720311087 
1616.0737746648442 1621.6458071639665 1616.51044223943 
1616.9516793906714 1602.1150596300695 1598.5358419406257 
1607.1104393113071 1622.0404754542678 1610.9286355662275 
1631.8193308210064 1622.0125402875392 1604.4650238688914 
1598.9581444165894 1604.9495291900744 1631.4218984617573 
1632.8643673470108 1623.8755725517167 1606.255783005638 
1631.3259828273933 1628.3935873776534 1624.4558730520503 
1620.7847785685815 1632.0024525495883 1603.1044952936777 
1609.4371858586494 1614.1730410509351 1609.015819403801 
1615.9691853752802 1601.0745348933892 1632.5749713479843 
1629.5745153332582 1616.5695657825977 1616.1107931294775 
1600.3628046900844 1620.1063148854385 1600.5981987920463 
1625.9738175601967 1617.0086154435458 1604.7670260197438 
1617.3813211907097 1616.9876570203016 1599.772716414627 
1619.0640273032895 1609.6300733146784 1623.8123059502554 
1601.4213182154763 1611.6618818936258 1614.6412210812264 
1613.677400822235 1597.086537491422 1603.982582275332 
1604.2053440422767 1630.0291571746027 1602.2303611985935 
1632.5375645662843 1610.9563350553146 1605.5491677591679 
1631.701255930187 1614.7694399773075 1607.112789094481 
1606.4227759346604 1633.8695231805063 1614.365450903853 
1630.2390093103463 1606.3740714120622 1633.1329221288681 
1622.870904525194 1599.3906939133071 1624.0561807276777 
1627.161707421543 1633.346209593428 1615.0515721008492 
1614.6588092219017 1623.6203105209145 1596.8767645556682 
1617.8933264239517 1627.9243380426194 1598.1713241007794 
1612.5801333631944 1607.5165825904685 1628.3832340932622 
1613.2745371183973 1627.6492685561896 1608.283752845026 
1625.1297075369916 1619.5711769639151 1623.7173849516428 
1606.6268480698773 1603.2822201614501 1596.836724662882 
1598.492847126732 1603.5911906060414 1602.5130269394406 
1631.2621532017777 1600.0819536272174 1630.1825852242355 
1633.9856328461397 1602.487985858011 1621.1657028704044 
1633.9433146383162 1622.426620770895 1627.9326797262115 
1609.6518815240922 1613.8543219107135 1605.3225497774004 
1607.8362962092376 1609.2305668558263 1605.7177163101383 
1703.7574256005862 1709.4997066615242 1681.6082630265278 
1698.6825525526392 1689.4526713752607 1692.772941385656 
1696.5396917578867 1684.1643504698063 1697.0504823061863 
1690.0116520924926 1675.771602885892 1686.6955862799505 
1704.6512241624223 1705.0576931033504 1692.3130966013114 
1703.9879852597044 1675.405379001091 1672.39648179861 
1687.3601763461186 1709.0613886561719 1695.3795643895228 
1708.5272559107575 1693.9999178587354 1682.6432800390298 
1702.573629034317 1691.3874104638485 1707.9332551008968 
1695.061612093744 1708.818636087883 1689.9936285709584 
1700.6211815379854 1677.2392119920014 1672.3768732246017 
1699.2434215294713 1706.7221037738102 1703.638575695584 
1697.9532881903713 1693.716970641743 1706.2909358473069 
1679.7172692985819 1698.4222868896536 1676.253082015527 
1689.5397363697011 1708.7936571665623 1709.3913417495437 
1705.0800468522532 1678.8399397623664 1698.2358306413125 
1694.468763251123 1706.1521541850486 1699.522839244698 
1673.293573422655 1682.0974445316053 1692.6889051726173 
1697.8318481175409 1694.6378010106162 1705.1036043253703 
1708.2073869242693 1695.075851744247 1681.3073977754505 
1700.7465393632162 1683.3832231401946 1706.6461744414796 
1702.0938178628764 1700.682418367809 1685.6187223758066 
1704.3412387273788 1697.7346841586875 1693.2585668243707 
1678.439599935395 1677.7002567213037 1687.3033605340077 
1703.4538978184503 1672.2402498153363 1702.2029779170905 
1685.3131749679026 1673.3192515893313 1677.042995433484 
1695.6302877368921 1680.165072472408 1699.9568578256371 
1690.502551866681 1709.7825036079716 1698.9679354987466 
1694.2390828651078 1707.723539446885 1684.997131295475 
1678.1771673276378 1708.833682041756 1694.3264861435873 
1703.9422502844643 1691.7768257502478 1705.1549377959611 
1687.3919566683248 1705.0207754753776 1704.642885901915 
1703.5296369005714 1675.222192962564 1705.26288993261 
1676.0029771165848 1686.5965022582063 1707.068532601152 
1701.8039797111674 1678.767871955575 1679.6025617848582 
1687.1783628175838 1683.6639976910453 1684.6055050402585 
1695.2863740770931 1709.87161295658 1699.7095938187822 
1709.0149137237752 1673.1038239020183 1693.7815837608382 
1785.565525958681 1758.0983403746839 1776.5195847396851 
1782.3764620739435 1771.0196553010423 1751.0072887723686 
1762.0549083021417 1748.4620920657694 1753.9253878618774 
1748.5046007677497 1773.8688285078263 1779.4986931591689 
1754.6355928653484 1776.2483074627708 1761.059051241874 
1781.5812880748942 1749.6251178174114 1773.1736989297726 
1772.0660815302313 1748.085862723747 1759.6061465682494 
1781.6693559703265 1766.7173300173006 1778.187939454765 
1782.5001904874148 1750.5519018967968 1758.6137762711983 
1766.2135534120116 1752.6931896718122 1754.8822199435724 
1785.8655530583537 1769.394542175199 1777.0868444763041 
1776.3767594633216 1756.6636916249197 1785.6378828691156 
1762.0013690986896 1783.1160805398645 1779.4512529138394 
1755.22718859101 1761.243903264169 1770.8824813751198 
1759.899684495395 1754.4403757389628 1774.507333022515 
1758.373027003163 1771.6619541516225 1765.9566167171693 
1759.3743098964912 1756.7471756208301 1775.6987226245208 
1775.228154895708 1759.7234315092444 1764.3412548361173 
1776.8412350483973 1785.8386126216324 1763.3882455878972 
1756.9253834498088 1767.1838498096809 1783.884445137493 
1771.886771412417 1779.1318020271535 1782.9433337786727 
1761.4841507193212 1769.5479382632675 1772.5964600224363 
1778.8175660230415 1753.9632456328022 1759.854694310685 
1748.796126021957 1761.7431548618217 1756.609801645444 
1764.529358640931 1752.449156876897 1776.2604689170191 
1757.0248710747305 1761.2107051608698 1780.2766774232666 
1749.0046465594241 1764.5514786855395 1763.248903744564 
1756.6218237923026 1768.573063335499 1754.0363908115792 
1774.031796009418 1785.2763847834926 1772.9098549565342 
1750.8427298008462 1777.8563520809482 1781.8935471358213 
1751.1389240977503 1765.1609928127577 1749.7281022098862 
1757.765568350254 1785.7282836263996 1778.6230420586198 
1780.0757672901918 1767.2552305841984 1778.6982795297736 
1767.2982052624684 1751.105109445897 1773.7308117121333 
1777.082544084717 1748.8304452832822 1783.8845645818785 
1777.8152553199102 1764.4006718329283 1755.4231612819428 
1765.5467417243622 1769.3026935223281 1752.635445677892 
1784.6543794922502 1766.8528935288125 1761.3226615566798 
1841.8434500372332 1851.4287998854188 1831.2234650006433 
1849.7201130381713 1860.0226648647797 1835.3329389062096 
1854.2564860227603 1834.6391743613235 1851.7182751822436 
1846.3567720626625 1831.8113637340873 1825.2959915475662 
1848.5573406092465 1849.8596541705904 1830.8597298162151 
1833.646113886678 1855.3287295667503 1824.000022341344 
1854.973512340514 1828.4304666526923 1831.4777809605694 
1850.3969353012308 1847.0674210053808 1835.8793327006622 
1846.1427670647404 1853.2723220119535 1849.7012381776533 
1856.7772661842237 1853.5606496750472 1860.7631346599335 
1834.9987316864842 1842.4072408882528 1860.0144474496897 
1831.3328635419523 1841.5661516148573 1842.0241995501185 
1850.6363451185732 1835.335498985594 1846.1523288041296 
1840.8577419178089 1859.6391697667514 1853.8434577387056 
1829.4896606715297 1853.5442933577683 1852.20657541102 
1833.0315212242665 1829.472170796385 1827.793561671577 
1856.0408527460943 1858.7870960548817 1832.2518395044574 
1825.6533951366825 1859.639219998538 1830.8358721180512 
1848.41036856126 1855.0713945206703 1860.8122525373008 
1861.9786020180989 1825.6459048905697 1846.2397416306608 
1836.5549931267442 1858.5354525480545 1833.8791544754185 
1857.7526455585694 1856.5821751046071 1858.0955730966612 
1855.7584151030474 1861.1972157853045 1856.3850041335204 
1846.660458327136 1831.9515883754634 1847.6743292216731 
1824.0967337897391 1825.187418265594 1839.941313694839 
1838.2089623723 1845.5773131683206 1851.647207774084 
1858.6611688668122 1828.0728615124333 1850.155458494305 
1844.408094828477 1827.6422490953228 1850.3332562722912 
1828.4844186039136 1831.5405932813164 1848.7949593391206 
1825.3484383878822 1845.039242182145 1837.467628994356 
1824.4438651856422 1828.2100956005966 1854.614730804897 
1848.8586417018446 1860.6277986263212 1859.6282028902256 
1832.9277271960277 1827.8100533256247 1836.3874008946912 
1831.7457382601833 1861.5133780674473 1839.6218422443646 
1859.5678184136425 1830.2460019691193 1826.2924891203695 
1845.7954690380038 1860.3888405884063 1826.8088064357487 
1841.2302698444262 1843.8710427869228 1835.2877695097393 
1828.0392951598678 1855.8232872394174 1830.187363667734 
1918.4446628941678 1907.2235041676934 1923.4597389369032 
1920.3137471651103 1937.036580562979 1900.3883827591076 
1903.5059922541172 1926.4871171068655 1914.1802080546208 
1910.3801300103748 1935.8299152496602 1927.7428349217764 
1931.659046930211 1900.6745647218954 1917.2065307179669 
1934.7477170975499 1915.400336664043 1931.4752847389925 
1912.1018303018282 1931.6253932054904 1921.7470512427856 
1916.5381378444758 1919.822887132399 1928.8136478164706 
1905.1108104527966 1902.5448487789713 1900.5622541998853 
1920.126139570121 1915.1903186333118 1919.5716361998539 
1933.0438115802983 1937.9299934429398 1925.3198103972768 
1900.5817958127545 1923.3743271905485 1912.155032299144 
1923.2384274987267 1934.0791619106296 1917.9263262356849 
1937.3145606690534 1928.5289805572452 1903.3981634952468 
1932.9342204184009 1928.3243871192653 1918.9878696378041 
1930.2586457876923 1935.921961461941 1910.7140929072784 
1928.8678625533487 1918.1642007552712 1924.5383429282501 
1930.3311608284573 1917.5558786294694 1919.4741283824665 
1933.594435385272 1900.299071847508 1906.870111575138 
1927.3587395033935 1920.2782491161408 1930.0536404107283 
1927.894069908207 1935.5117104473798 1931.5645402469322 
1930.554564451977 1936.2418960388704 1925.7443213637437 
1934.8728248861637 1903.4100784929174 1922.1439098407648 
1933.446708203493 1929.0639717076256 1933.7471913420488 
1922.76943760317 1915.7032055446498 1923.7900345506116 
1934.6228661265986 1937.04561646839 1932.9164385894726 
1921.224162933459 1937.3507582218786 1920.2518603656658 
1937.3400153380737 1932.8391386296069 1915.2769767748146 
1901.9160020861902 1903.9659231111048 1914.7369633152741 
1921.587531268088 1900.8208050133794 1918.3215309318725 
1923.998780580518 1925.5916434744383 1934.3731075750986 
1906.985244112231 1925.7553045914865 1924.464308989401 
1901.0652551799087 1911.389530537078 1931.4562045757157 
1928.5812723614645 1923.1255914994128 1908.1286505535288 
1910.4919073279264 1925.2105204112565 1928.3521043533922 
1922.310695460773 1911.0413407373185 1915.4824218164051 
1909.7136220019609 1915.8270234641532 1922.5132999472198 
1926.7907133613573 1914.921052180607 1911.774187987057 
1992.3004451554184 1985.9886200835617 2012.2519002218132 
1976.0020878955308 2005.976965312752 1977.477140612307 
1992.0489157211618 2006.3990231135542 1999.476278925064 
2005.8979385630385 1985.5548520579882 2007.3298688773718 
2001.1756600100312 2002.1121288919908 1986.0702538571845 
2009.227470514017 1976.2884427930817 1989.0283371397368 
2003.1556205840393 1998.4789775833508 1988.4853317348359 
1990.11300015199 2008.7656844414446 1977.9714442267173 
1988.5441091310192 1999.0469701777931 1981.1733848899096 
1977.9879461753967 1998.0040331839823 1979.9037718965963 
1978.2911805726048 1979.1945961061795 1978.0123979266666 
2007.1100571072006 2002.494954988233 1993.2179146489007 
